
	Distribution Summary

Distribution:	Normal       
Expression:	NORM(1.11e+04, 6.88e+03)
Square Error:	0.049354

Chi Square Test
  Number of intervals	= 37
  Degrees of freedom 	= 34
  Test Statistic     	= 4.15e+03
  Corresponding p-value	< 0.005

Kolmogorov-Smirnov Test
  Test Statistic	= 0.184
  Corresponding p-value	< 0.01

	Data Summary

Number of Data Points	= 2332
Min Data Value       	= 31
Max Data Value       	= 2.87e+04
Sample Mean          	= 1.11e+04
Sample Std Dev       	= 6.88e+03

	Histogram Summary

Histogram Range    	= 31 to 2.87e+04
Number of Intervals	= 40


==================================================================
Int.   No. of               Probability           Cumulative      
No.    Data Pts.   x        Density               Distribution    
------------------------------------------------------------------
                            Data   Function       Data   Function   
   0   119       747.     0.0510     0.0124     0.0510     0.0664
   1    12   1.46e+03    0.00515     0.0145     0.0562     0.0809
   2    86   2.18e+03     0.0369     0.0168     0.0931     0.0977
   3     7   2.89e+03    0.00300     0.0192     0.0961      0.117
   4    79   3.61e+03     0.0339     0.0218      0.130      0.139
   5   104   4.33e+03     0.0446     0.0243      0.175      0.163
   6    76   5.04e+03     0.0326     0.0270      0.207      0.190
   7    98   5.76e+03     0.0420     0.0295      0.249      0.220
   8   100   6.47e+03     0.0429     0.0320      0.292      0.252
   9    34   7.19e+03     0.0146     0.0343      0.307      0.286
  10     1   7.90e+03   0.000429     0.0364      0.307      0.322
  11    54   8.62e+03     0.0232     0.0382      0.330      0.360
  12    44   9.34e+03     0.0189     0.0396      0.349      0.400
  13   507   1.01e+04      0.217     0.0407      0.566      0.441
  14    12   1.08e+04    0.00515     0.0413      0.572      0.482
  15   144   1.15e+04     0.0617     0.0415      0.633      0.523
  16    51   1.22e+04     0.0219     0.0412      0.655      0.565
  17     7   1.29e+04    0.00300     0.0405      0.658      0.605
  18    18   1.36e+04    0.00772     0.0394      0.666      0.645
  19   168   1.43e+04     0.0720     0.0379      0.738      0.683
  20    39   1.51e+04     0.0167     0.0361      0.755      0.719
  21    23   1.58e+04    0.00986     0.0340      0.765      0.753
  22   188   1.65e+04     0.0806     0.0317      0.845      0.784
  23    58   1.72e+04     0.0249     0.0292      0.870      0.813
  24    14   1.79e+04    0.00600     0.0266      0.876      0.840
  25    30   1.86e+04     0.0129     0.0240      0.889      0.864
  26     0   1.94e+04       0.00     0.0214      0.889      0.885
  27    16   2.01e+04    0.00686     0.0189      0.896      0.904
  28    45   2.08e+04     0.0193     0.0165      0.915      0.921
  29     0   2.15e+04       0.00     0.0142      0.915      0.935
  30     0   2.22e+04       0.00     0.0121      0.915      0.947
  31     0   2.29e+04       0.00     0.0103      0.915      0.957
  32     4   2.37e+04    0.00172    0.00858      0.917      0.966
  33    25   2.44e+04     0.0107    0.00710      0.928      0.973
  34     0   2.51e+04       0.00    0.00581      0.928      0.979
  35     3   2.58e+04    0.00129    0.00470      0.929      0.984
  36     2   2.65e+04   0.000858    0.00376      0.930      0.987
  37    63   2.72e+04     0.0270    0.00298      0.957      0.990
  38    90   2.79e+04     0.0386    0.00233      0.995      0.993
  39    11   2.87e+04    0.00472    0.00181       1.00      0.994


=================================================================


Data File: C:\Users\calvin\Desktop\my working directory\third-semester-1400\simulation language\hw3_99207521\GRT_Feeder.txt


Function       Sq Error
-----------------------
Normal         0.0494
Weibull        0.0495
Triangular     0.0503
Beta           0.0504
Erlang         0.0508
Gamma          0.0513
Uniform        0.0552
Exponential    0.0558
Lognormal      0.0576
