16694
29873
15670
16100
36014
17215
17887
42323
16135
27681
2599
29259
29873
36014
17215
51047
15095
15670
29872
23285
10256
19573
16100
17215
14036
37323
16694
29872
17887
36014
15670
16233
19562
17887
51982
15670
29872
25391
16100
25407
16135
17215
15670
16694
42323
9030
17887
27681
24305
26787
15095
17887
42323
10256
29873
25407
36014
15670
16100
17215
14036
17887
51047
16694
25391
29872
29259
36014
17215
14036
10256
19573
29872
16135
37323
15670
36014
27681
16100
17215
17887
51982
15670
29872
25391
15095
16233
29259
42323
17887
15670
36014
14036
15670
16100
17215
17887
42323
9030
29873
14036
16694
24305
25407
36014
26787
17887
27681
29872
10256
36014
16135
15670
16100
15670
17215
17887
9030
37323
25391
15095
29872
3070
29259
36014
17215
23825
52055
17887
10256
29872
14036
27681
23285
16100
10484
15670
42323
16694
17887
36014
29873
30526
14036
16233
25391
29259
17887
42323
21932
29873
10256
36014
15670
17215
32654
32284
17887
29872
15670
36014
16135
24305
25407
26787
15670
37323
42145
17887
10256
29872
14036
15670
25407
36014
17215
52055
23825
17887
9030
29872
14036
23285
29259
16694
17887
17887
42323
17215
29873
15670
30526
36014
10484
42323
17887
25391
21932
9030
15095
29873
15670
36014
27681
16233
17887
29259
32284
32654
10256
14036
37323
36014
29872
17887
23825
17215
9030
29872
14036
25391
16100
26787
52055
16694
36014
17887
10256
29872
24305
16135
15670
42323
17887
23285
15670
9030
30526
25407
17215
29873
29259
15095
36014
16100
42323
17215
17887
21932
15670
10256
25407
29873
14036
36014
15670
10484
32284
17887
27681
32654
9030
14036
16694
16233
29259
36014
16100
37323
17887
23825
25391
29872
10256
16135
16694
18502
42145
17887
36014
29872
27681
15095
42323
23285
16100
15670
17887
52055
15670
10256
29873
14036
25391
24305
36014
34467
17887
17215
42323
9030
21932
29873
15670
15670
36014
16100
17215
29259
32284
17887
16694
10256
32654
29872
25407
16731
16100
36014
27915
37323
10484
17887
23825
9030
29872
16694
15095
25407
15670
16100
36014
10256
16233
54214
21932
30750
29259
29872
27681
14036
16100
23285
34467
18502
30526
17887
42323
14036
25391
29873
15670
18
36014
28300
26787
42323
17887
42145
15670
27681
29873
22738
16731
36014
16100
27915
16694
17215
32284
32654
17887
29872
25391
35598
15095
36014
25705
17215
18
15670
17887
37323
23825
29872
14036
29259
30971
36014
16100
34467
15670
30750
52055
10484
21932
29872
16694
34231
15670
14036
23285
28300
25407
16233
18
17887
30526
42323
29259
16694
29873
25407
36014
32703
16135
15670
27915
18502
16100
42323
42145
21045
27681
29873
15670
15095
36014
38991
18
25705
26787
32284
32654
25391
17887
24305
29872
14036
40177
34467
15670
36014
37323
16100
23825
17887
27681
17215
15670
29872
36014
14036
35598
16694
28300
18
17215
21932
30750
52055
25391
29872
16135
23285
29259
30971
27915
16100
15670
42323
10484
17887
30526
16694
29873
15095
34231
29259
36014
18
25705
16233
42323
42145
21045
15670
25407
14036
29873
15670
32703
18502
16100
36014
32284
32654
17887
15670
29872
14036
36014
25407
38991
18
28300
26787
37323
17887
23825
15670
27681
29872
36014
16135
24305
16694
40177
15670
16100
21932
24804
16694
15095
25391
18
25705
23285
17215
30526
35598
14036
29259
27681
36014
15670
34467
10484
42145
21045
37
25391
29873
14036
36014
15670
32284
28300
17215
29259
32654
17887
15670
29872
16430
34231
36014
27915
18502
16694
16100
17887
15670
37323
23825
25407
15095
29872
37071
26787
25705
21932
24804
25407
15670
29872
38991
14036
23285
16233
34467
30526
24305
17887
15670
27681
14036
29873
15670
40177
18
28300
17215
36014
42145
21045
29873
16694
25391
29259
35598
36014
27915
10484
16100
37
17887
32654
27681
29872
15095
37071
18
15670
36014
52682
25705
29259
17215
23825
17887
25391
27900
14036
36014
15670
16100
18502
37071
16430
34467
13603
21932
15670
24804
29872
15670
14036
16694
28300
38991
23285
34487
15670
30526
17887
35881
25407
29873
36014
27915
40177
16233
42145
16430
15670
21045
15670
25407
29873
34231
15095
36014
25705
27681
17215
17887
32654
15670
35598
29872
29259
16100
36014
10484
17887
37
25391
23825
16694
29872
50646
36014
27681
28300
14036
26681
52682
24804
40944
21932
17215
29872
15670
18502
27915
16430
37071
27681
17887
23285
30526
25391
29873
14036
36014
34487
41078
26611
25705
42145
15670
21045
25407
38991
15670
29873
15670
15095
16694
36014
18
16233
34467
26681
32654
17887
40177
29872
24305
36014
14036
28300
17215
23825
17887
15670
15670
29872
25407
37071
40944
27915
28927
16430
24804
21932
36014
29872
28892
25391
15670
8944
14036
54214
29259
18502
27681
23285
25705
17887
27768
15670
15095
16694
21045
8944
34231
15670
36014
34231
34467
15670
34487
15670
29873
53208
14036
26611
17887
36014
15670
25391
38991
28300
25407
29872
30024
15670
15670
40594
15778
36014
26681
17887
28270
37235
27915
14036
27130
65483
8944
28927
36014
24804
15670
25705
29872
27779
27681
16694
15095
25836
27130
41078
17887
13982
16694
29259
27768
34467
23285
13276
25709
28892
15670
16100
18502
14036
26681
36014
15670
21045
43575
25391
30280
28300
29873
15670
34487
27681
8944
15670
15778
36014
17887
34231
15670
27915
37235
29872
15670
36014
25391
14036
30024
16100
25407
17887
38991
28270
25705
29872
40594
15095
36014
37134
26681
28927
15670
34467
29872
27779
15670
24804
16694
16100
25407
14036
17887
23285
27768
8944
28300
27130
28150
18
27681
25836
21045
15670
28892
36014
15670
27915
29873
30280
34487
25391
16100
14036
25407
36014
26681
17887
25705
8944
29259
29872
31730
36014
37235
27681
15095
18
17887
32630
15670
15670
15670
28270
34231
34467
29872
37134
14036
16100
36014
25391
28927
17887
8944
28300
40594
16694
15778
29872
27779
26681
15670
23285
15670
17887
40944
25391
27768
27915
14036
28150
30024
27800
21045
36014
25705
25407
34487
30280
8944
15670
27681
27130
36014
25836
17887
43575
15670
15670
34
29873
34467
36014
37235
14036
16694
17887
28270
38991
28300
8944
27681
36014
15778
29872
15670
29259
27800
32630
17887
28927
15670
34231
29872
27915
27779
14036
23285
15670
17887
15670
25391
8944
35599
7559
25705
27768
14193
25391
28150
15670
26681
15670
40594
21045
34487
36014
40944
34467
29873
30280
15670
36014
14036
27800
16694
17887
28892
37235
8944
28300
31730
27130
29873
15670
15778
36014
25407
27681
17887
15670
28270
27915
36014
29872
14036
37134
26681
17887
28927
8944
10256
15670
38991
25705
29872
27681
25407
14193
23285
27779
27800
17887
15670
27213
29872
34231
40594
34467
30024
14036
32630
16100
71902
15670
25391
36014
25407
21045
35599
8944
34487
28300
29873
36014
66280
15778
25407
15670
16694
26681
17887
40594
37235
31730
15670
27915
29873
14036
27800
28270
17887
36014
73819
10256
25705
27130
36014
15670
14193
29872
8944
37134
26611
15670
17887
34
28927
34467
27681
15670
27779
29872
27681
15670
23285
14036
26681
15670
24305
17887
38991
28150
29872
25391
28300
30024
25407
15995
8944
14066
27800
14193
36014
15670
21045
27915
25391
34487
34231
15670
15995
32630
16100
14036
27213
25407
40594
36014
17887
8944
25705
31730
16694
25407
37235
14193
15670
5847
15995
26681
29115
17887
28270
34467
40944
29873
9030
15670
36014
40594
27681
15670
16100
14036
28300
27130
15995
28676
8944
27779
36014
10256
23285
26611
27915
17887
9030
34
15670
28150
29872
25407
71902
15670
15995
16100
15670
14036
26681
32630
27681
25705
34487
24305
66280
29873
21045
15995
14066
25391
27800
15670
15670
9030
73819
36014
14193
29872
34467
31730
15670
25391
23825
16100
25407
37479
28270
28300
17887
36014
42000
40594
29873
50963
25407
8944
27681
16694
37235
15995
14193
14066
15670
27915
26681
9030
40944
66280
15670
27779
29872
28676
14036
37023
40594
27800
15670
36014
16100
29115
25705
30024
10256
37
28150
29872
7559
27130
8944
15995
17887
15670
26611
14066
23285
36014
14193
34487
29873
34467
27103
37134
25391
25407
14036
26681
32630
13547
38395
38991
15995
25407
29872
31730
8944
27213
15670
36014
25391
14193
15670
27800
14066
24305
23825
28270
29873
17887
37235
36014
15670
14036
25407
18050
16100
17887
15670
42000
10256
27779
29872
15995
28676
16250
36014
15995
14193
37023
40594
14066
18233
26681
15670
27681
15670
40944
28150
15995
37023
28676
14036
21932
36014
27800
29115
27213
37042
37
10256
73819
29873
15995
37134
34487
15670
25407
17360
16706
27130
15670
16250
40594
26611
9030
23825
37023
29872
14193
73819
15670
15995
25407
16100
32630
36014
27681
15995
18123
26681
15670
30047
21045
25391
15670
29873
28270
37235
14036
15670
36014
73819
19131
15995
34231
27800
9030
66280
29872
24305
27779
21932
28676
37023
36014
25391
14193
27681
25407
16236
10256
15670
28150
37023
16250
14036
15670
26681
27213
40594
15995
29873
37134
19573
36014
32703
27103
13491
14193
18050
16236
23285
15670
25407
27800
15995
29872
14036
29115
46410
27130
18233
25391
15670
34
29873
21045
36014
13547
15995
28270
37235
25407
16236
21932
40594
36014
26681
27779
38991
29872
15995
36014
37023
14066
25407
14193
14036
17360
19573
37023
32630
25391
15670
30047
34231
28150
29872
15995
8944
28676
16236
25391
37023
42000
73819
37134
29873
18123
14193
15670
24305
36014
14036
26681
14066
15995
37042
29115
27681
23285
25407
29872
27213
15995
31730
16236
25407
27103
73819
15995
40594
29873
19573
36014
28270
14193
14036
27130
14066
27681
15995
26611
36014
29872
27779
15670
34
66280
30047
36014
25391
37023
18050
29872
13547
16236
15670
14066
28676
37023
15995
14193
27800
40594
18233
15995
32630
34231
37134
29873
19573
25407
27681
21932
37023
16236
36014
15670
42000
25391
25407
29872
27213
37042
23285
16236
14193
24305
13547
15995
37235
46410
36014
15670
28270
15995
15670
27779
18123
25407
36014
27800
29872
16236
19573
46410
14193
15995
40594
26611
25391
28150
27681
14867
37023
15670
8944
19131
16236
26681
73819
15995
25407
21932
30047
37134
14193
37023
25391
27800
36014
16236
15995
34487
29872
32629
14036
37023
31730
15670
32630
40594
18050
29115
42000
29873
19573
15995
37235
16236
23285
28270
27681
18233
36014
14193
15670
29872
26681
28676
36014
15670
14036
15995
1573
46410
27213
24305
14867
17360
27681
29872
15995
36014
28676
3277
46410
16236
25407
28150
30047
34
3277
14193
16236
15995
37042
29873
26681
21045
15670
37563
27758
14036
40594
25391
36014
36603
16236
15995
37023
18123
19573
25407
32085
15670
16236
15995
14867
14193
31730
37023
26681
27681
36014
27213
14036
42000
28270
25391
29872
27779
16236
40594
28676
46551
21932
32630
36014
29115
29872
14193
16236
25407
46410
15995
26681
36014
28150
15670
18050
19573
28676
23285
14036
46410
37134
15995
26611
21932
25391
24305
36603
29872
34487
15670
36014
34
16236
14867
14193
37042
27681
25407
17360
15995
37235
29873
30047
16236
40594
37071
14036
37023
15995
37563
29872
15689
16236
36014
14193
37023
21045
7559
42000
15670
25391
28150
15995
29115
28270
36014
54214
29872
26681
32085
14036
28150
20418
28676
46551
15995
27681
18123
14867
27213
28176
16236
15995
37134
46410
36014
19573
30526
14193
23285
40594
14867
38991
36603
26681
29873
29872
16236
46410
25407
27681
14036
15995
16332
37235
37563
34
27104
36014
16236
30047
37042
15670
26611
26358
15995
29873
18050
25391
24305
28270
36014
1573
14036
14193
16236
37023
15670
26435
27800
25407
21932
28150
27681
32630
29872
16694
14036
16236
27104
27779
27213
16332
40594
36014
19573
17360
15995
42000
27779
29872
15670
32085
28676
16236
14036
15995
25703
36014
36603
14867
25407
34610
29115
29873
16236
23285
46410
26681
28150
15995
35824
73819
15670
37235
25391
29872
37071
16236
46410
27104
15995
18123
26681
25391
40594
15670
37563
37134
27681
29873
16236
37042
28270
15995
14036
26358
19573
75395
28150
30047
36014
34
29872
15670
14867
16332
18000
37023
37071
27800
24305
14036
26435
25407
15995
27104
27779
36014
14036
29872
27779
16236
15670
38991
27213
8665
36014
15995
15670
28676
14193
15670
29873
35881
27779
18000
15995
29115
8944
32085
34487
27681
36014
15670
48508
40594
23285
14036
34610
29872
37563
37134
46410
14193
27681
16236
15995
14193
26681
48508
15670
27104
1573
29873
35824
37071
25407
46410
18000
25703
3135
28150
48508
25391
54851
15670
28270
30047
14193
41225
27779
14036
29872
16236
14867
14036
15995
22914
25391
29259
37071
48508
27779
28340
14036
29872
26358
18000
37023
18123
27800
36014
26435
36014
48508
15670
36603
27779
27104
29873
26435
29115
16738
40594
25407
15670
16236
27800
42000
15995
18334
27779
73819
48508
40077
36014
35881
23285
29872
28676
14193
18000
15995
27779
37134
48508
27681
34487
29873
32085
25407
34610
14193
14036
15995
16236
48508
37071
37563
28150
29872
27104
35824
14036
40594
15995
18000
23650
27681
27779
27779
48508
29872
15670
28270
21339
16236
16738
15995
36014
36389
30047
28300
22914
25391
27779
48508
36603
18321
37071
29383
15670
15995
25391
14193
14193
18000
29873
22914
24305
40077
26358
27104
48508
36014
32630
21339
27800
46410
38991
15929
26435
16236
36014
42000
14036
23633
14867
23285
37134
15995
48508
29873
18000
27779
15995
39892
28676
15670
25407
27915
35881
18123
15995
27779
36389
14036
25407
16488
15670
34
28150
29872
34487
48508
16236
34610
14193
19819
37071
27779
4876
16738
15995
27681
27779
15670
29872
21339
15995
27104
18000
32085
16488
15670
54851
48508
15995
37563
46734
36014
27779
30047
37071
28270
14867
29873
16236
42000
40594
21339
36603
28300
16488
15995
27681
27786
26836
35824
26435
54851
15929
29872
14036
18000
36389
48508
26681
19819
27779
21339
15995
40077
29383
15995
23650
25391
38991
36014
16236
29873
28676
27104
26358
48508
37134
15995
23285
16738
15670
14036
25407
29872
22914
18000
34
27779
28150
36014
15995
22914
14867
21339
16270
27779
31730
15995
39892
27779
17215
16488
24305
29872
35881
48508
16236
19819
15929
36014
46734
15995
37071
34487
32630
16738
30047
29873
34610
32085
40594
46734
48508
21339
37071
18000
27104
27779
37410
25407
18123
16488
36603
27681
54851
23633
21339
28300
27779
29872
38991
73819
36014
16270
15995
41413
28270
37563
16236
27779
54851
16738
26611
35
15995
29873
35824
37235
14867
26435
36014
29383
48508
5272
18334
15995
16488
19819
34
29872
28048
42000
27104
48508
16270
27779
27681
25407
27779
25391
15995
26836
21339
16236
37134
38991
41280
16738
48508
41280
17215
25391
15995
37071
28676
16270
7559
36014
39892
15995
29872
23285
15995
31730
35881
34487
21339
16803
46734
16488
30047
15995
16270
36014
38320
37410
38991
35
34610
19819
36014
48508
54851
27104
15995
29873
27779
21339
5272
16738
16236
15995
37071
13315
36603
26681
46388
27779
22914
36389
54851
15995
29872
16100
30971
24305
41413
15995
25407
16270
28270
35573
19819
52682
27681
36014
21339
26435
37235
32085
27779
15995
29873
17215
16236
48508
4276
15995
16738
27779
37563
28592
18123
13491
37134
25407
28048
19819
29872
16100
17215
15995
48508
40594
16270
26435
23285
25391
23633
30047
35
41280
39906
46734
29872
21339
16236
35581
15995
27681
16738
39892
38320
35953
36014
18334
19819
19573
48508
27779
51364
32161
42894
54851
37410
36014
3135
40594
15995
16100
27779
15995
34
26836
16270
27915
25407
48508
10917
25391
36603
48324
26435
29872
16236
21339
19819
15995
25608
27779
36389
35573
54851
48508
36014
16738
15995
14867
36014
19573
13547
27779
41413
40068
42894
9983
16100
35824
32085
52682
27779
15995
36772
16270
19819
25407
17215
10917
23285
26435
20085
42894
37235
16236
75395
31730
17215
15995
37398
15995
16738
13491
22914
35824
27681
24305
48508
9983
40030
9957
37134
28048
35
21339
19819
16100
30047
27779
15995
27779
22914
15895
39906
16270
48508
39892
37563
10917
41280
39906
4276
35953
26435
16236
14867
51364
15995
54851
14036
17215
15995
31730
26836
27915
27779
9983
42894
32161
42800
75395
19819
16100
37071
21339
40594
35573
37410
27681
15995
16270
27779
54851
10917
36603
48508
40068
21339
25407
48324
16236
21339
33113
32085
15995
40594
25608
35581
14036
27779
13547
54851
8082
25406
21339
41413
9983
35824
42894
42741
19819
52682
16100
36014
17215
15995
16270
27779
13491
37398
37235
10917
75395
42894
12615
16236
15995
26435
21339
17215
40030
15995
74175
27779
26836
14036
25407
32630
16100
9983
21339
35881
37134
35
35824
51364
28048
39906
19819
27681
13547
30047
16270
24804
37071
24305
46410
10917
27779
54851
41280
17215
39906
12997
35
21339
15995
75395
15995
37563
10837
14036
22914
11062
13491
35953
9983
21339
16488
19819
54851
24804
20085
26435
2539
40594
16270
33113
36603
10917
48324
42741
27779
13497
35581
15995
21339
15995
27681
26435
17215
27779
35824
22914
54851
14036
52682
9983
42894
41413
25391
40030
19819
21339
35824
75395
24804
25391
16270
27779
35581
42894
74175
40594
51364
35599
26836
21339
64054
15995
17215
20085
37410
15995
20418
14036
27779
36014
35
31730
54851
42894
40306
42800
28048
19819
17215
21339
37134
13497
24804
16270
14867
25361
75395
32284
27779
42323
39906
35881
1667
21339
40068
24305
15995
21339
23632
46551
27681
15995
8665
54851
14036
53251
13547
41280
26836
27779
74642
39906
21339
24804
35881
20085
19819
42741
21339
37235
15995
29373
26435
27779
37563
33113
14953
48324
21339
40030
21339
35581
36603
54851
13491
15995
15995
34382
26435
75395
27779
52682
41413
42894
13497
74661
40594
24344
21339
35581
51364
36014
19819
15995
74175
16100
39582
31207
39990
42894
74656
37410
27681
42800
26435
15995
14308
35824
15995
54851
13547
25391
50350
38395
35
22914
20085
75395
19819
35581
40594
25391
24344
10837
40068
5999
42894
37134
15995
28048
53379
16100
27779
42323
31730
42741
15995
5999
15995
36014
13497
41280
39582
24804
26836
54851
37071
37235
23632
54851
40030
35881
24305
46410
39906
15995
26435
40030
75395
36603
16100
53807
48324
35881
27681
51364
37042
15995
26435
24804
36606
52682
42894
42800
41413
46410
13491
35581
35824
74175
20085
15995
37563
39582
39990
42894
54851
40068
26435
35581
13497
36014
37410
15995
40594
46410
35
10785
50350
42894
42741
24804
37134
75395
15995
25391
35824
16270
53379
28048
46410
23633
17738
42323
39906
40030
35581
46551
32341
40594
14308
27681
15995
75395
20085
23632
24804
39582
54851
32238
22914
54851
37235
13491
37071
41280
25391
51364
15995
40030
27681
16270
46551
37549
36603
26435
48324
13497
24305
35600
42800
46410
15995
36514
24804
26836
23285
10256
41413
74642
24053
26435
40068
68888
35824
64054
42894
54851
15995
35881
28662
69218
36014
17738
39582
39990
18123
15670
42894
42741
26435
35581
74175
15995
20085
37563
37410
24804
9600
69218
50350
34617
35
26836
13491
42894
36014
41855
35581
54152
16270
15995
40594
23285
53379
13497
9954
51364
36014
35824
64054
39906
75395
39906
23632
26131
25391
69246
39582
15995
37071
11875
24804
73934
39906
42800
54851
35581
40594
2539
40030
54152
66280
22914
15995
16270
54851
25391
40165
40068
26435
15995
75395
68888
36606
22914
42894
9954
41280
35824
42307
20085
69218
24305
41413
27681
15995
24804
28911
54851
39990
13497
74642
16270
46697
26435
14036
10256
35881
15995
15995
15670
42112
28662
73934
35
38991
74175
17738
27681
42894
48154
26836
66452
51364
35581
15670
14036
15995
54152
26435
25391
37134
53379
16270
39906
31113
42800
23632
35581
48154
13491
37563
15995
37235
69246
15995
75395
14036
39582
73934
37071
39906
26358
35824
48272
37563
54851
40068
20085
54152
15995
48154
73934
16270
40030
26836
32630
40165
42741
26435
68888
15995
9954
42112
73934
54851
25391
42894
17738
35581
40594
26435
33405
46697
15995
75395
22914
39582
73934
21932
26435
42894
25391
30047
54271
51364
16270
15995
68888
54851
35
13497
42112
73934
24305
27681
16236
42894
26435
42800
35881
15995
20085
54152
22914
27681
74175
39906
31113
16270
23632
35581
11062
69246
39582
48154
66452
16236
29106
41413
33113
4189
40068
25391
75395
15995
54152
13491
66433
40487
37071
40030
42741
37238
26435
37563
35581
54851
37134
18000
42112
13497
68888
26836
48154
42894
46697
20085
26358
73934
54851
35824
40594
15995
69218
39582
26836
25391
11062
32630
17738
40030
51364
35824
73934
18000
68888
2539
22914
75395
48154
35581
13491
26435
54851
42800
51931
15995
25391
73934
54152
24305
53379
40068
48272
17304
13497
48154
21932
27681
23632
69218
18000
73934
74175
39582
22914
41358
33113
26435
42741
73934
39906
15995
27681
69218
17738
40487
35881
20085
39892
40594
40594
75395
40030
26435
73934
35581
15995
13491
25391
69246
18000
40487
42112
22914
25703
42894
51364
31113
15995
37563
74175
26435
68888
40542
13497
66452
25391
39582
35581
42800
35824
42259
54851
73934
69218
42323
53379
40594
25391
1353
18000
35824
17225
42894
35
40068
9957
74175
17738
26836
15995
35824
73934
69218
75395
35998
40030
35581
2539
13491
42000
42741
54851
39906
20085
23632
73934
69218
39582
48272
18000
35881
39906
13497
24305
25391
46697
26836
26435
74175
15995
73934
69246
40487
40030
27681
42338
22914
51364
40839
66452
26435
73934
69218
40487
42112
17738
18000
66433
35881
42894
75395
42800
35
27681
40594
26435
73934
69246
39582
40542
15995
20085
30526
54851
41482
17652
35581
40068
35824
22914
25391
74175
69218
53379
13497
42323
35581
42000
18000
42741
66452
21932
15995
73934
69218
35824
40594
40030
16236
22914
2539
40542
25535
35824
23632
46697
14278
74175
54271
17738
15995
18000
73934
25391
39906
48272
23652
69218
42336
41482
26435
39582
36014
73934
15995
17652
68687
40030
25391
35581
75395
35881
54809
23285
18000
24305
15995
65140
26836
42112
32534
69218
15670
47667
13497
54809
40068
39941
38332
16236
74175
27681
40487
39582
69246
16916
35881
17738
66199
42741
39892
27681
40594
35824
18000
73934
75395
26836
40542
53379
20085
8665
37042
42323
35581
17652
16916
39941
65140
51364
54851
16236
22914
25391
16694
11062
68570
40030
35581
37549
68888
42000
46697
35824
40594
8665
74175
18000
73934
13497
40542
15670
39582
66452
68888
18263
35824
50538
2539
41391
27437
39941
25391
73934
74175
41391
69218
26435
17738
21932
25535
35581
40030
14981
38395
35824
66199
40068
65140
73934
17652
40487
69218
25391
42112
9600
52191
35881
16165
22914
42741
24305
66199
66526
23285
73934
75395
40487
39582
16694
69246
37071
35881
16916
51364
65140
27681
35981
40542
66199
54152
53379
73934
47855
35881
74175
40594
26435
46697
35824
66046
24053
16916
71786
73934
40030
66452
27681
47541
53807
17738
54152
75395
35581
35
66332
74583
39941
35824
39941
66380
26836
64054
18263
25391
54851
40542
69246
40594
17652
39582
35581
40068
27437
20085
54851
67462
68687
21971
71786
73934
2539
40030
23652
74175
35824
41391
66526
53359
35824
42000
65140
26836
25391
40487
73934
71786
14981
74175
42112
37071
35581
66433
66199
74661
26611
66199
51364
67462
36014
40487
69246
25391
39582
17738
35881
22914
73934
22914
66526
66199
35981
27061
16165
23285
65140
34231
46697
73934
35595
25391
22914
75395
25406
35881
66452
52191
16916
24305
74583
39941
17652
35824
54152
27681
66046
38395
68570
38332
71786
47541
40594
35881
74583
37
16916
66380
66433
74175
35824
69246
73934
64054
40542
27681
39582
66332
35581
22914
47855
42741
29383
50686
67462
25391
69218
71786
54851
68687
73934
41391
35581
40594
75395
23289
35824
65140
23633
27733
66199
2539
40487
42112
73934
74175
35824
21971
69246
28007
38395
46697
25391
67462
27733
66199
71786
40487
74175
37023
39582
38395
35581
26836
14981
29259
17652
39941
41413
42000
65140
40465
27733
35981
52090
66199
35595
26611
73934
53379
25391
35881
26836
40068
35824
68570
27733
71786
66046
69246
66433
25391
23289
40030
47541
73934
35881
75395
16916
42741
42809
35824
22914
66452
60133
27733
66380
64054
66332
40542
40594
16916
73934
39582
35881
36270
22914
29383
18263
54851
67462
71786
27733
68687
27681
41391
51364
17652
73934
34231
65438
35581
22914
74175
35824
65140
46697
71786
27733
66433
66199
40487
27681
42112
54851
73934
60133
39678
35581
40594
39941
41482
27733
67462
71786
28007
66199
69246
40487
39582
73934
75395
53324
35824
21971
22914
40068
40465
65140
14981
2539
69246
66199
35595
53379
17738
35581
48853
35981
74175
42741
27733
66046
66433
71786
68570
60133
73934
40030
74175
29259
35881
17652
48853
47541
26836
66380
27733
51364
66452
64054
35824
39582
66332
73934
11062
25391
69218
16916
35881
48853
40542
23652
46697
17652
26061
35824
67462
27733
71786
75395
9600
68687
25391
40030
52090
73934
23289
25391
41391
47855
35881
26435
39941
65140
65059
26836
27733
35824
71786
66199
42112
16803
40594
73934
16803
17738
48853
35581
27681
40487
60133
40068
69246
41280
67462
74175
27733
66433
71786
66199
39582
54592
11062
26362
2539
35581
17652
26435
26611
40487
42307
23285
22914
65140
27733
16694
73934
75395
53379
16803
35824
17652
40594
35595
26061
37398
51364
65730
66046
27733
71786
68570
16803
69246
35581
47541
17738
25391
39990
74175
46697
26061
66380
64054
35824
66332
39582
32284
60133
11062
66433
73934
35881
60177
40542
25406
29259
27733
42800
67462
25391
74175
71786
17652
35824
68687
66452
9600
56711
25391
40030
69246
27681
48853
35881
26836
41391
35824
17652
40068
65140
27733
23289
11062
66199
74175
60133
53807
35881
26061
40487
40594
66433
42741
41280
67462
27733
71786
66199
39582
2539
68888
26435
28676
27681
37
35581
17738
23652
40487
23285
26435
51364
65140
36014
36014
27733
66199
11062
69246
36514
16803
37113
35581
35595
21971
26836
29383
65730
28270
66046
25391
27733
71786
68570
69246
42112
73934
35824
26362
74175
42307
47541
35824
25391
42800
17652
66380
54851
40594
27733
64054
39582
75395
60133
26061
66332
48853
35581
66654
28270
31070
74175
40068
66433
67462
27733
71786
69246
73934
53807
27681
17738
40030
26061
35573
26435
41391
42741
29259
65140
27733
71786
23289
66199
2539
52090
17652
51931
35881
32284
16620
73934
66403
26435
25391
66433
51364
67462
27733
71786
27681
66199
68888
39582
35881
25391
17652
66452
65643
26435
40594
36014
27733
74175
46697
16694
69246
23285
36014
65140
26836
17738
66199
65184
28270
64054
42800
66046
65730
27733
35581
26061
71786
53379
25391
42112
69246
54851
25391
68570
35581
51931
47541
17652
73934
35824
54851
66380
35981
27733
64054
26061
27681
66332
60133
40068
73934
35824
66654
40594
23285
67462
27733
42741
71786
68687
17652
69246
66433
28270
40177
35581
51364
41391
75395
27681
65140
26435
2539
35824
27733
71786
42112
21971
66199
17738
73934
60133
16694
35573
22914
66403
25391
54851
29259
23289
26435
67462
16694
27733
71786
39582
66199
46697
73934
42020
14241
36014
65643
41280
26061
51836
40165
3994
27733
23289
54851
65184
74175
66452
17652
28270
21339
26061
66046
36014
27733
64054
42112
66199
69246
40594
26435
35881
23285
35581
65247
35824
26061
25391
27733
68570
42800
17738
64845
39582
66380
66654
69246
17652
32284
13315
33834
54851
66433
35981
67462
27733
40068
64054
37953
40030
21971
26061
17652
73934
42307
35824
41391
42741
66433
23289
27733
60133
65140
71786
27681
40594
66199
42112
35581
17652
25391
66403
39892
23285
74175
27733
67462
26435
64054
51364
73934
39582
25391
68888
35573
35598
65643
66433
46697
26435
36014
27733
65140
75395
68570
16694
36014
23289
17738
17215
73934
60133
65184
21971
37398
66452
27733
42800
66046
29259
42112
17652
66199
64054
26061
69218
23285
35581
75395
25391
47541
26358
65247
66380
27733
37953
64845
68570
73934
17652
69246
48220
35881
54851
66654
66433
28270
42741
67462
26061
27681
27733
64054
33834
69246
40594
17215
66332
35581
41391
66433
26435
54851
26061
27733
65140
17738
64054
36014
66199
51364
52090
25391
25391
40177
66403
73934
26435
25391
46697
74175
67462
27733
66199
64054
60133
26061
35581
65643
36014
66433
54851
26435
65140
27733
26061
36014
32534
40594
16694
73934
68888
74175
23285
35573
65184
17652
27733
64054
21971
54851
60133
14009
35881
66199
28270
47541
66380
26061
73934
74175
69246
29259
66654
37953
42741
66433
75395
32534
64054
34231
28270
25391
66332
17652
69246
41391
65140
20295
25391
75395
27681
60133
42800
66403
26061
17652
25391
54851
46697
40594
67462
54152
23289
66199
65643
54851
26061
36014
32534
17652
26435
54152
26061
46697
68570
73934
64054
66433
65184
36014
66452
26358
9600
64054
74175
42741
60133
54851
47541
35598
23285
42741
25391
64845
37953
69218
26061
68570
73934
16694
33834
74175
41482
66654
28270
40594
54851
30971
54152
73934
11062
74175
42800
17652
25391
46697
27681
25391
60133
26358
74962
75395
34231
25391
17652
66199
64054
54851
66199
46697
75061
75395
26435
23289
26435
36014
54152
54152
42741
17360
17652
74962
64054
75395
73934
60133
66199
17652
74962
54851
26358
40594
35573
64845
34231
23285
16694
54152
42741
74962
17360
28270
37953
25391
73934
64054
54851
46728
74175
17738
73934
28270
75484
17652
46697
54851
60133
33834
66280
17652
74962
74175
64054
66199
27681
46728
74175
26358
69251
17652
75061
25391
17360
33834
26435
69218
25391
42741
17652
75395
74962
64054
54851
60133
26435
36014
42741
17738
36014
26358
66199
74962
36014
46728
74175
25391
15995
26358
17652
54851
74962
64054
37953
46728
9983
54152
28270
17652
75395
75484
74651
40594
66280
17652
52191
74962
54851
46697
25391
64054
68888
28270
26358
17738
75061
46728
23285
26435
40594
74175
68888
17652
74962
25391
46697
64054
69218
74175
23285
28270
17738
26358
74962
42741
64845
69246
54851
69251
37134
64254
25391
74962
33834
64054
17652
36014
75245
28270
25391
64254
41225
75484
28270
74175
74651
69246
17652
74962
54851
26358
64054
64254
40594
68888
17738
28270
75061
75395
68888
64254
33834
25391
64254
74962
28270
64054
54851
68888
64005
17652
26358
65643
52581
28270
36014
16694
35581
40594
37134
28270
17652
74962
15995
60133
38963
64054
64254
75395
36014
69251
69246
28270
