17618
17618
4876
10837
5608
10837
16135
9528
17618
10837
16600
16135
9600
16600
10837
17618
5608
10837
16600
16135
4876
5608
16600
10837
16135
4419
3534
16600
10837
17618
5608
4419
10837
1831
9600
16135
10837
17618
4876
16600
10837
16135
17618
10837
16600
5608
16135
9600
10837
4419
16600
5608
16135
16805
16600
10837
16135
16600
16805
10837
16135
9600
10837
16600
10837
16135
16805
4876
10837
1831
16135
16805
5608
16600
10837
16805
3236
10837
3277
4419
16805
16135
4419
10837
5608
4419
16805
16135
10837
16805
10837
3277
4419
16135
10932
5608
3135
16135
10837
3277
16805
4419
16600
10837
5608
4419
3225
16600
4419
10837
16600
10837
16805
4419
16135
4419
5608
10837
4419
16805
10837
16166
27758
10256
10837
4419
16135
16805
5608
4876
10837
4419
16850
3277
16166
2599
5608
15670
10837
27758
16135
16850
5608
4419
27758
16850
10837
16166
4419
5608
3135
4876
20408
10837
16805
4419
3225
4419
10837
4876
1592
16805
10837
27758
16166
3277
5608
10837
4419
27103
16135
5608
3236
4876
1592
3225
27103
27758
10837
16166
3225
4876
10837
27103
27758
16135
5608
10837
4419
4876
27758
16166
4876
10837
1592
27103
16135
27758
5608
27103
4419
10837
16166
5608
10837
4419
27103
4419
10837
16600
16600
10837
27103
4876
10837
4419
3277
27103
16135
10837
4419
4876
3277
16166
16600
10837
5608
10837
27103
16135
16600
10837
4419
5608
10837
16600
10837
4876
5608
4419
10837
16600
27103
16135
4419
1573
4419
10837
27103
10837
16166
5608
27103
27758
10837
16135
5608
10837
27103
16600
4419
10837
16166
3135
5608
1573
10837
4419
16135
5608
16600
10837
1831
27103
10837
16166
1573
3277
1831
4419
11925
3236
1831
16135
10837
16600
4419
5608
16166
16600
5608
10837
27103
1831
1573
3277
5608
27103
4419
10837
1539
10837
13603
3225
1831
5608
14453
10837
1539
13603
3225
8571
10837
4419
27103
3236
5608
15670
1573
1567
10837
15670
8571
1831
4335
27103
3225
4419
539
5608
13603
3135
1831
1539
4335
8571
10837
27103
20418
15670
4335
13603
9600
27103
10837
8571
3225
1573
1831
27103
8571
1567
10837
16135
1573
4419
16135
3225
8571
10837
5608
9966
16135
1539
27103
9528
5608
10837
16135
27103
14505
14505
5608
8571
10837
1831
3048
27103
16135
14505
10837
27758
4419
4419
27103
14505
5608
8571
3236
27758
4419
3135
27103
16135
20526
27758
8571
27103
4419
8571
13603
3135
10837
27758
14505
4419
27103
16135
27103
10837
27103
27758
16166
14505
8571
4419
5608
4419
10837
4419
16135
27103
16166
27758
27103
4419
8571
5608
4419
10837
27103
27758
14505
8571
16100
16135
27758
8571
27103
5608
10837
9600
16166
27758
27103
8571
14505
10837
16135
4419
27103
27758
8571
5608
16166
10837
27103
3534
14505
8571
4419
5608
16135
10837
4419
27103
1573
3534
4419
10837
10837
16135
5998
14505
15670
8571
1539
3822
1831
27103
27758
16430
27103
14505
10837
16135
27103
16430
13603
27103
27758
13603
27103
5998
1677
14505
5998
27758
10837
13603
5998
1677
10837
27103
5998
1573
13603
3135
8571
27758
10837
13603
27103
18337
5998
10837
5998
27103
15670
13603
5998
27103
27758
16166
5998
27758
10837
27103
5998
3135
14505
27758
10837
15670
27758
27103
13603
5998
13603
5998
10837
27103
14505
13603
16166
27103
5998
20526
19698
14505
5998
13603
27103
27758
5998
16166
10837
27103
5998
19698
27103
13603
5998
16166
16506
5998
19698
10837
18337
27103
16166
27103
10837
18337
3135
19698
10837
27758
19698
16135
27103
5998
5998
27103
19698
10932
5998
16135
3986
27103
9600
3986
27103
5998
3986
16135
19698
3986
5998
1677
3986
19698
10837
27103
8571
15670
16135
27103
15670
3236
1677
9981
5998
27103
16166
14063
6714
6393
19698
8571
14063
16135
14063
6393
16166
8571
14063
6393
16135
8571
20526
14063
16166
15988
8571
14063
6393
14063
20526
8571
14063
16166
6393
14063
15995
6393
14063
8571
6393
8571
9981
14063
6393
14063
8082
10837
14063
8571
6393
15995
8571
3986
6393
3986
14063
8571
3986
6393
14063
27758
15670
3986
14063
3986
6393
6393
3986
10837
14063
1573
5272
1573
3986
8571
14063
3986
14063
8571
9600
6393
10837
10837
14063
1573
6393
10837
8571
1573
6393
14063
27758
1573
6393
8571
5999
1573
27758
6393
20526
5999
8944
8571
16166
14063
6393
8944
14063
10837
16135
8571
5272
27758
6393
8944
10837
13875
1573
1677
3135
5999
6393
14063
16166
14063
10837
14063
8944
8571
16135
5999
14063
3236
14063
8944
1573
18337
8571
6942
6393
1677
5999
3048
14063
9981
27758
8944
16135
5999
8571
14063
5999
6393
27758
1573
1573
16135
1151
5999
8944
9981
8571
14063
6393
14063
8944
1677
8571
27758
10837
1573
6393
14063
1573
16135
3048
27758
1677
6393
8571
14063
8944
6393
20526
16135
3048
27758
8571
14063
3048
16135
10837
14063
3135
16135
1539
14063
8571
10837
1573
15670
1677
8944
16135
3048
8571
1573
14063
19698
10837
1573
8571
4876
8571
18337
3048
8944
5999
1573
6764
14063
3048
5999
14063
8571
27758
10837
8944
15670
1677
10837
14063
8571
19698
14063
15670
10837
8571
15670
5999
3048
19698
14063
5847
8571
14063
1573
4322
19698
8571
15670
20408
5999
8571
14063
4322
20408
19698
14063
8944
6393
4322
19698
14063
6393
4322
14063
3048
6764
5999
20408
6393
6764
4322
3048
14063
5272
6764
1573
6393
3048
4322
5999
26435
20408
20526
14063
1573
6393
3048
6450
6764
6393
14063
3048
4322
5999
18337
6764
6393
12615
18337
6393
14036
20418
8665
4876
20526
10837
15670
6764
18337
27758
1573
6393
8665
20526
6764
3048
8665
15670
6393
20526
6393
5999
5999
8665
20526
27758
27758
14193
4876
6764
27758
14193
6764
16166
8665
20526
6764
3135
4876
5272
16166
6764
19819
20526
6764
5272
3135
8665
20526
5272
6764
12113
6764
5272
2599
12113
4876
14193
6764
8665
5272
1539
4876
27758
5272
6764
8665
14193
8665
5272
2599
20408
6764
5272
3135
20526
14193
27758
8665
3986
15995
6764
5272
1573
14036
3986
14193
5272
6764
6764
1539
5272
3986
5272
9957
13875
14193
16135
12615
8665
3986
6764
3986
6764
8665
3986
5272
4276
6764
3986
9957
14193
6764
12113
1831
3534
5272
3986
6764
14278
3534
3986
6764
16135
9957
3986
12113
25391
2599
12615
9981
14193
6764
3534
6764
9957
25391
12615
6764
14193
5272
3986
27758
6764
8665
3986
6764
1677
9957
3986
14193
3986
27758
5272
9957
12113
10917
9950
14193
5272
9957
12113
34
9950
12615
1677
5272
4236
34
9950
14193
9957
12615
5272
6450
8665
5999
6450
34
5272
9957
9957
27758
6450
8665
25391
1677
5272
3986
12113
4236
9957
31
3986
3986
12615
9957
1677
3986
27758
20624
31
9957
14867
20624
8665
9957
9957
20624
9957
12113
14867
4276
1677
20624
14867
12113
9957
13875
1677
20624
9957
4276
9957
20624
27758
9957
9957
9983
26435
4276
9957
5272
20624
9957
9983
9957
9957
20624
9983
9957
5272
20624
9957
9957
9983
9957
20624
9957
5999
20624
9983
5272
27758
1677
9957
9957
5999
9957
15670
9957
9983
1677
20624
9957
20624
9957
9957
9983
4276
20624
15670
9957
9957
9983
5999
27758
16236
9957
4276
1677
20624
16800
5999
9983
9957
9957
5272
9957
9957
20624
5999
9983
8643
16270
14036
4276
20624
5999
9957
1677
9957
9983
9957
14036
20624
5999
4276
1677
9983
3135
9957
5999
9957
4276
20624
8643
9983
1677
5999
20624
4276
9957
1677
9957
5272
9983
28662
9957
5999
20624
2599
14036
3135
4276
8643
9983
27758
5272
20624
9957
14036
9957
4276
14953
11875
9983
3135
14036
9957
4276
14036
9957
9983
6450
28662
9957
14036
9957
4276
9983
9957
14036
9983
4276
9957
14953
9957
9983
14036
9957
3135
9983
4276
14036
5272
15995
11875
9957
9957
9957
9983
4276
9983
16202
5272
16800
14953
4276
11875
9983
9957
4276
9957
9983
14036
4236
9957
9983
2599
11875
4236
14036
14953
15995
497
9957
9983
9957
27758
16800
15995
14036
15995
9957
14968
9983
4276
5272
11875
14036
450
9957
9983
9957
9957
16800
11062
15995
4276
5272
14036
450
5272
9983
9957
27758
14968
16800
15995
14036
9957
3135
9957
9983
9600
14036
9957
9957
11875
5272
9600
14968
9983
9957
15995
27970
14036
16236
5272
9957
14968
9983
16236
9957
14036
3135
11875
9957
14036
9983
5272
15995
14968
28662
9957
14036
16236
497
9983
5272
9957
28662
14036
9957
15995
11875
9983
497
15995
9957
14036
14968
497
16236
9957
11062
9983
14036
9957
9957
11875
9983
14036
27970
28662
14968
9957
16236
27970
14241
14036
390
15995
9983
27758
28662
9957
9957
15995
14036
11875
9983
27758
9957
16236
14036
14968
14241
15995
27758
9957
9983
9957
9957
390
24053
14036
497
27758
497
16236
9983
14968
9957
14036
9957
27758
15995
9983
14036
27758
9957
9957
24053
16236
9957
9983
14036
15995
14036
9957
9957
14968
9983
14036
9957
497
497
9983
24053
9957
27758
14036
9957
497
3994
9983
14036
11062
9957
9957
16236
497
9957
3994
14036
9983
24053
14036
8665
15995
9957
9983
15995
14036
11062
9957
14968
27970
9957
9957
15995
14036
9983
15995
9957
497
14036
24053
9957
27758
14968
9983
497
14036
15995
497
9957
15995
27970
497
9957
9983
14036
497
14968
9957
24053
15995
16236
8665
9983
5272
9957
15995
18000
14036
9957
9957
9983
16236
14968
497
15995
10374
2576
14036
9957
15995
9983
9957
5272
9957
14036
18000
10374
14968
9983
10298
16236
9957
497
14036
18123
3994
9957
9983
5272
497
15995
14036
18000
10256
1353
497
8665
497
9983
9957
9957
18123
14036
497
14453
8665
497
10374
5272
9983
15995
9957
9957
18000
14036
27758
10374
9983
18123
5272
9957
9957
497
14036
497
3135
15995
18000
9957
9983
10298
9957
9600
14036
27758
18123
497
9957
24053
8665
9983
14036
18000
497
9957
9957
14036
9983
9957
24053
9957
497
18123
497
14036
9957
9983
3135
10298
9957
15995
10374
18000
10800
9983
497
14036
18123
9983
497
497
24053
9957
9983
8665
14036
5272
15995
18000
9957
497
9983
796
497
9983
14036
18123
497
18000
9957
24053
9983
9957
14036
9983
10374
9957
9957
9983
497
14036
9983
497
9957
497
18123
15995
9983
14036
27758
18000
9983
497
9957
24053
497
497
14036
9983
9957
9983
10374
15995
14036
18123
9983
9957
497
9983
24053
18000
14036
9983
9957
15995
9983
9957
18123
14036
9983
497
9957
497
9983
16694
9957
14036
15995
9983
9983
14036
9957
8665
9983
9957
5275
9983
9957
15995
14036
9983
497
497
9983
14036
9957
24053
9983
9957
15995
9983
14036
9957
8818
9983
497
27758
9957
9983
9957
24053
14036
8665
9983
497
15995
9983
9957
9957
14036
9957
9983
9983
14036
9600
8665
9983
24053
9983
9957
3135
9957
15995
9983
5999
9983
8818
497
27758
9600
14036
24053
9983
5999
27758
9957
5999
15995
497
8665
9957
3135
16803
14036
9983
497
27758
497
9957
24053
9983
16803
9957
14036
497
15995
27758
9983
497
14036
11062
9957
27758
9983
5272
16803
27758
14036
9983
24053
9957
15995
27758
9983
9957
14036
497
5272
11062
9983
9957
9957
27758
24053
497
16803
9983
14036
15995
5272
9957
9957
9957
11062
14036
27758
11062
9983
1677
497
14036
497
9983
24053
9957
2063
9957
18123
497
11062
9957
9983
3135
9957
15995
497
14036
9983
13299
497
15995
11062
27758
9983
497
24053
9957
9983
497
4653
9957
11062
16694
9957
15995
9983
11062
15995
9957
497
5272
9983
27758
9957
497
3135
5999
11062
9983
15995
9957
23285
27758
24053
15995
9957
9983
15995
15995
5272
11062
9983
3135
3994
9957
11062
13315
497
15995
9983
497
9957
24053
9983
11062
3994
497
9957
5272
15995
9983
497
15995
9957
3994
11062
9983
9957
3135
9983
3994
24053
5272
9957
15995
497
11062
23289
9983
11987
9957
15995
11062
497
9600
9957
11788
9957
23289
24053
15995
3994
11987
5272
497
11788
9957
9600
3135
1677
9957
16694
11987
497
9600
3994
15995
9990
9983
497
2063
9957
11987
17215
3994
11062
9957
9957
3135
14241
15995
9983
497
11062
9957
9600
11987
17215
14241
3070
9983
3135
9990
9600
7361
11987
11062
497
9983
9957
14241
15995
9957
5272
9957
9983
11987
3994
9957
14241
17215
494
9600
9983
11062
11987
497
9990
14241
17215
9957
497
5272
9957
9983
3135
11987
9990
13764
16803
796
9983
3994
11987
11062
15995
14241
17215
9990
9957
9983
11987
497
9990
3994
9957
14241
9983
17215
11062
11987
9990
15995
9957
9983
796
3994
9957
497
9990
9983
9957
3994
497
497
9957
9983
9990
27758
9957
3994
497
9983
11062
796
9957
27758
9983
11062
497
9990
3994
11987
27758
497
9983
9957
2063
796
9990
497
3994
11987
9983
15670
27758
9957
9957
9990
497
9983
3994
9957
11987
796
3994
9983
9957
27758
9990
497
796
15995
9957
9957
15670
3994
9990
9957
497
27758
3994
11987
9957
15995
9990
497
9983
14193
9957
11987
9957
497
796
3994
9990
15995
9983
497
14193
497
16694
9957
9957
3994
9990
15670
9983
14193
15995
497
3994
9957
9983
14193
9990
9957
9957
9957
497
15995
9983
497
11987
3994
9990
9983
11987
9957
3994
497
9957
9990
9983
497
11987
9957
3994
9957
9990
9957
15995
11987
9983
3994
9990
9957
14193
9957
11987
497
9983
9990
15995
11987
9983
3994
16694
27758
9957
9990
9957
11987
15995
9983
27681
497
15670
11987
9957
9990
3994
9983
9990
11987
9957
497
15995
9983
9957
11987
3994
9990
9957
9983
497
15995
3994
27758
9990
497
9957
1151
9983
9957
11987
15995
9990
3994
9957
9983
9990
9983
27758
15995
1677
3994
9957
9957
9990
15995
9983
11987
9957
495
3994
9983
9990
495
9957
9957
9983
15995
9990
3994
9983
9990
9957
9957
15995
9983
497
3994
9990
9957
1151
9983
15995
9983
9990
497
9957
3994
9957
23285
9983
9957
9990
1526
497
9983
27758
3994
9990
9957
9983
17738
16282
497
15995
