
	Distribution Summary

Distribution:	Gamma        
Expression:	18 + GAMM(1.38e+04, 2.37)
Square Error:	0.026513

Chi Square Test
  Number of intervals	= 40
  Degrees of freedom 	= 37
  Test Statistic     	= 5.25e+03
  Corresponding p-value	< 0.005

Kolmogorov-Smirnov Test
  Test Statistic	= 0.129
  Corresponding p-value	< 0.01

	Data Summary

Number of Data Points	= 4822
Min Data Value       	= 18
Max Data Value       	= 7.55e+04
Sample Mean          	= 3.27e+04
Sample Std Dev       	= 1.74e+04

	Histogram Summary

Histogram Range    	= 18 to 7.55e+04
Number of Intervals	= 40


==================================================================
Int.   No. of               Probability           Cumulative      
No.    Data Pts.   x        Density               Distribution    
------------------------------------------------------------------
                            Data   Function       Data   Function   
   0    53   1.90e+03     0.0110    0.00283     0.0110    0.00283
   1    19   3.79e+03    0.00394     0.0105     0.0149     0.0133
   2     7   5.68e+03    0.00145     0.0183     0.0164     0.0316
   3     7   7.56e+03    0.00145     0.0253     0.0178     0.0569
   4    44   9.45e+03    0.00912     0.0312     0.0270     0.0881
   5    70   1.13e+04     0.0145     0.0358     0.0415      0.124
   6     3   1.32e+04   0.000622     0.0392     0.0421      0.163
   7   231   1.51e+04     0.0479     0.0416     0.0900      0.205
   8   609   1.70e+04      0.126     0.0431      0.216      0.248
   9   271   1.89e+04     0.0562     0.0437      0.273      0.291
  10    58   2.08e+04     0.0120     0.0437      0.285      0.335
  11    85   2.27e+04     0.0176     0.0432      0.302      0.378
  12   171   2.45e+04     0.0355     0.0422      0.338      0.421
  13   296   2.64e+04     0.0614     0.0409      0.399      0.462
  14   539   2.83e+04      0.112     0.0394      0.511      0.501
  15   276   3.02e+04     0.0572     0.0376      0.568      0.539
  16    53   3.21e+04     0.0110     0.0357      0.579      0.574
  17    65   3.40e+04     0.0135     0.0338      0.592      0.608
  18   197   3.59e+04     0.0409     0.0318      0.633      0.640
  19   405   3.78e+04     0.0840     0.0298      0.717      0.670
  20    70   3.96e+04     0.0145     0.0278      0.732      0.697
  21   261   4.15e+04     0.0541     0.0259      0.786      0.723
  22   153   4.34e+04     0.0317     0.0240      0.818      0.747
  23     2   4.53e+04   0.000415     0.0222      0.818      0.770
  24    59   4.72e+04     0.0122     0.0205      0.830      0.790
  25    68   4.91e+04     0.0141     0.0189      0.844      0.809
  26     6   5.10e+04    0.00124     0.0174      0.846      0.826
  27    55   5.28e+04     0.0114     0.0159      0.857      0.842
  28    44   5.47e+04    0.00912     0.0146      0.866      0.857
  29    69   5.66e+04     0.0143     0.0133      0.881      0.870
  30     1   5.85e+04   0.000207     0.0122      0.881      0.882
  31    21   6.04e+04    0.00436     0.0111      0.885      0.894
  32     0   6.23e+04       0.00     0.0101      0.885      0.904
  33    35   6.42e+04    0.00726    0.00918      0.892      0.913
  34    61   6.61e+04     0.0127    0.00834      0.905      0.921
  35   131   6.79e+04     0.0272    0.00756      0.932      0.929
  36    95   6.98e+04     0.0197    0.00685      0.952      0.936
  37     0   7.17e+04       0.00    0.00620      0.952      0.942
  38    28   7.36e+04    0.00581    0.00560      0.958      0.947
  39   204   7.55e+04     0.0423    0.00506       1.00      0.952


=================================================================


Data File: C:\Users\calvin\Desktop\my working directory\third-semester-1400\simulation language\hw3_99207521\GRT_Feeder.txt


Function       Sq Error
-----------------------
Gamma          0.0265
Triangular     0.0266
Erlang         0.0282
Normal         0.0283
Beta           0.0292
Weibull        0.0303
Uniform        0.0352
Lognormal      0.0396
Exponential    0.0409
