201
201
122
158
117
153
170
147
201
158
178
170
150
178
158
201
117
158
178
170
122
117
178
158
170
100
116
178
158
201
117
100
158
100
150
170
158
201
122
178
158
170
201
158
178
117
170
150
158
100
178
117
170
178
178
158
170
178
178
158
170
150
158
178
158
170
178
122
153
100
170
178
117
178
158
178
102
158
95
100
178
170
100
158
117
100
178
170
158
178
153
95
100
170
154
117
93
170
158
95
178
100
178
158
117
100
97
178
100
158
178
158
178
100
170
100
117
158
100
178
153
170
209
147
158
100
170
178
117
122
158
100
168
95
170
94
117
168
158
209
170
168
117
100
209
168
158
170
100
117
93
122
140
158
178
100
97
100
158
122
86
178
158
209
170
95
117
158
100
178
170
117
102
122
86
97
178
209
158
170
97
122
158
178
209
170
117
158
100
122
209
170
122
158
86
178
170
209
117
178
100
158
170
117
158
100
178
100
158
178
178
158
178
122
158
100
95
178
170
158
100
122
95
170
178
158
117
158
178
170
178
158
100
117
158
178
158
122
117
100
158
178
178
170
100
82
100
158
178
158
170
117
178
202
158
170
117
158
178
178
100
158
170
93
117
83
158
100
170
117
178
158
100
178
158
170
82
95
100
100
149
102
100
170
158
178
100
117
170
178
117
158
178
100
83
95
117
178
100
158
83
158
155
97
100
117
170
158
83
155
97
137
158
100
178
102
117
168
83
83
153
168
137
100
104
178
97
100
117
155
93
100
83
104
137
158
178
186
168
104
155
150
178
158
137
97
83
100
178
137
83
158
170
83
100
170
97
137
158
117
148
170
83
178
147
117
158
170
178
164
164
117
137
158
100
118
178
170
164
158
202
100
100
178
164
117
137
101
202
100
93
178
170
183
202
137
178
100
137
155
93
158
202
164
100
178
170
178
158
178
202
170
164
137
100
117
100
158
100
170
178
170
202
178
100
137
117
100
158
178
202
164
137
170
214
170
202
137
178
117
158
150
170
202
178
137
164
158
170
100
178
202
137
117
170
158
178
116
214
164
137
100
117
170
158
100
214
178
83
116
100
158
153
170
128
164
168
137
83
214
104
100
178
202
166
178
164
158
170
178
166
155
178
202
155
178
128
73
164
128
202
158
155
128
73
158
178
128
83
155
93
137
202
158
155
178
180
128
158
128
178
168
155
128
178
202
170
128
202
158
178
128
93
164
202
158
168
202
178
155
128
155
128
158
178
164
155
170
178
128
183
172
164
128
155
178
202
128
170
158
178
128
172
178
155
128
170
178
128
172
158
180
178
170
178
158
180
93
172
158
209
172
170
178
128
128
178
172
154
128
170
106
178
150
106
178
128
106
170
172
106
128
73
106
172
158
178
137
168
170
178
168
101
73
139
128
178
170
155
100
122
172
137
155
170
155
122
170
137
155
214
122
170
214
137
183
155
170
170
137
155
122
155
183
137
155
170
122
155
170
122
155
137
122
137
139
155
122
155
129
158
155
137
122
170
137
106
122
106
155
137
106
122
155
202
168
106
155
106
122
122
106
153
155
82
117
83
106
137
155
106
155
137
150
122
158
158
155
83
122
158
137
82
122
155
202
83
122
137
121
83
202
122
183
121
140
137
170
155
122
140
155
158
170
137
117
202
122
140
158
187
82
73
93
121
122
155
170
155
158
155
140
137
170
121
155
101
155
140
83
180
137
115
122
73
121
118
155
139
202
140
170
121
137
155
121
122
202
83
82
170
64
121
140
139
137
155
122
155
140
73
137
202
158
83
122
155
82
170
118
202
73
122
137
155
140
122
183
170
118
202
137
155
118
170
158
155
93
170
83
155
137
158
83
168
73
140
170
118
137
82
155
172
158
82
137
122
137
180
118
140
214
121
83
121
155
118
121
155
137
209
158
140
169
73
158
155
137
172
155
169
158
137
168
121
118
172
155
121
137
155
82
100
172
137
168
140
121
137
155
100
140
172
155
140
122
100
172
155
122
100
155
118
121
121
140
122
121
100
118
155
117
121
83
122
118
100
121
209
140
183
155
83
122
118
123
121
122
155
118
100
121
180
121
122
152
180
122
155
186
151
122
183
153
168
121
180
209
82
122
151
183
121
118
151
168
122
183
122
121
121
151
183
209
209
155
122
121
209
155
121
170
151
183
121
93
122
117
170
121
174
183
121
117
93
151
183
117
121
151
121
117
94
151
122
155
211
121
151
117
83
122
209
117
121
151
155
151
117
94
140
121
117
93
183
155
209
151
106
170
121
117
82
155
106
155
117
121
121
83
117
106
117
148
187
155
170
152
151
106
121
106
121
151
106
117
100
121
106
148
155
121
151
100
116
117
106
121
158
116
106
121
170
148
106
151
207
94
152
139
155
121
116
121
148
207
152
121
155
117
106
209
121
151
206
106
121
73
148
106
155
106
202
117
148
206
151
151
148
155
117
148
151
216
148
152
73
117
206
101
216
148
155
148
152
218
117
206
123
151
121
218
123
216
117
148
148
202
123
151
206
207
73
117
106
151
218
101
148
203
106
106
152
148
73
206
106
209
180
218
203
148
167
180
151
218
148
218
148
180
148
151
167
218
100
73
180
218
167
151
148
187
73
180
218
148
100
148
180
209
148
148
218
218
148
209
100
148
117
218
180
148
148
148
148
180
148
148
218
117
180
148
148
148
148
211
180
148
121
180
148
117
202
73
148
148
121
218
148
168
148
148
73
180
218
148
180
148
148
148
100
180
168
218
148
148
148
121
202
164
148
100
73
180
184
121
148
148
148
117
148
148
180
121
148
218
133
154
155
100
180
121
148
218
73
148
148
148
155
180
121
100
73
148
93
148
121
148
100
180
133
148
73
121
180
100
148
218
73
148
117
148
202
148
121
180
94
155
93
100
133
148
202
117
180
148
155
148
100
187
146
148
93
155
148
100
218
155
148
148
123
202
148
155
148
100
148
218
211
148
155
218
148
100
148
187
148
148
155
211
148
218
93
148
100
155
117
211
218
170
146
148
148
148
218
148
100
148
179
117
185
187
100
146
148
218
148
100
148
211
148
155
101
148
148
218
94
146
101
155
187
170
50
211
148
148
148
202
185
170
155
170
148
167
148
100
218
117
146
155
50
148
148
148
148
185
157
170
100
117
155
50
117
148
148
202
167
185
170
155
148
93
148
148
150
155
148
218
148
146
117
150
167
148
148
170
204
155
164
117
148
167
148
164
148
155
93
218
146
148
155
148
117
170
218
167
202
148
155
164
50
148
117
148
202
155
218
148
170
146
148
50
170
148
155
211
167
50
218
164
148
158
211
148
155
218
148
148
146
148
155
204
202
167
148
211
164
204
159
155
170
148
202
202
148
148
211
170
155
146
148
202
148
164
211
155
167
159
170
202
148
148
148
148
206
211
155
50
202
50
164
148
167
148
211
155
148
202
170
148
211
155
202
148
148
206
164
148
211
148
218
211
155
170
155
148
148
167
148
218
155
211
148
50
50
148
206
148
202
155
148
50
218
107
211
148
155
158
148
148
164
50
218
148
107
155
148
206
155
151
170
148
211
218
148
170
155
158
148
167
211
204
148
148
170
155
148
170
148
50
155
206
148
211
202
167
148
50
155
170
50
148
170
204
211
218
50
148
148
155
50
167
148
206
170
164
151
218
148
117
148
211
170
177
218
155
148
211
148
148
164
167
50
170
150
218
93
155
211
148
170
148
148
117
148
211
155
177
150
218
167
148
145
164
148
50
155
175
107
211
148
148
117
50
170
155
177
147
67
50
151
50
211
148
148
148
175
155
50
171
151
50
218
150
117
148
170
211
148
148
177
155
202
211
150
148
175
117
148
211
148
50
155
218
50
93
170
211
177
148
148
145
148
150
155
211
202
218
211
175
50
148
206
151
148
211
155
218
177
211
50
148
148
155
148
148
211
206
148
50
175
218
50
155
148
211
148
93
145
148
218
170
150
177
158
211
148
50
155
175
148
50
50
206
211
148
148
151
155
117
170
177
218
148
50
148
70
50
148
211
155
175
50
177
148
206
148
218
148
155
211
148
150
148
148
148
50
211
155
148
50
148
50
175
218
170
148
211
155
209
177
148
218
50
211
148
206
50
50
155
148
218
148
148
211
150
170
155
175
218
148
211
148
50
148
206
177
218
155
148
148
170
148
211
148
175
218
155
148
50
211
148
50
148
174
218
148
155
170
211
148
148
218
155
148
151
211
148
148
218
117
148
148
170
155
148
50
218
50
211
148
155
148
206
211
148
218
148
170
211
148
155
148
144
148
50
202
148
148
148
206
211
155
151
218
148
50
170
148
148
218
148
155
211
148
148
148
155
218
150
151
148
206
211
218
148
148
93
211
148
170
148
218
121
148
144
211
50
209
150
155
206
148
121
209
148
211
121
170
50
151
148
93
184
155
148
50
209
50
148
211
206
148
184
148
155
50
170
209
211
148
50
155
157
148
209
148
211
117
184
209
155
148
206
148
170
209
148
148
211
155
50
117
157
148
148
148
209
206
50
211
184
148
155
170
117
211
148
218
148
148
157
155
209
218
211
157
148
73
50
155
50
148
206
218
148
211
94
148
175
50
157
148
148
93
148
218
170
50
155
148
150
50
170
157
209
148
50
211
218
206
148
148
50
145
148
157
174
148
170
148
157
170
211
148
218
50
117
148
209
148
50
93
121
211
218
157
148
170
148
187
209
206
170
148
218
211
148
170
170
117
157
148
218
93
107
148
157
159
211
50
170
148
50
148
218
206
148
157
107
50
211
148
218
117
170
148
50
170
148
218
107
157
148
211
148
93
148
107
206
117
148
218
170
50
157
187
148
157
148
170
218
157
211
50
150
148
137
148
187
206
170
107
157
117
218
50
137
148
150
93
73
148
174
157
50
150
211
107
170
218
148
148
50
94
148
157
176
107
157
148
148
93
159
170
148
50
157
148
218
150
157
176
159
107
148
93
148
150
129
157
158
50
148
148
159
170
148
117
218
148
148
157
107
148
159
176
50
150
148
157
157
50
148
159
176
148
50
117
148
148
93
157
148
155
184
218
70
148
107
157
157
170
159
176
148
148
218
148
157
50
148
107
148
159
148
176
218
157
157
148
170
148
148
70
107
236
218
148
50
148
148
148
107
50
236
50
148
148
148
209
148
107
211
50
148
157
236
70
148
209
148
157
50
148
107
157
209
50
148
148
236
94
70
148
50
107
157
148
168
209
148
211
236
148
148
211
50
148
107
148
157
240
70
211
107
148
148
209
148
50
236
70
211
170
148
148
168
107
148
148
218
50
236
209
107
157
148
170
148
50
148
211
218
155
148
157
148
50
70
107
211
236
148
170
148
50
218
155
50
174
148
148
107
148
168
148
155
170
50
236
218
107
148
148
155
148
148
148
148
50
170
218
211
148
50
157
107
236
148
218
148
157
211
148
107
50
236
218
148
148
148
211
50
157
148
107
148
148
148
236
170
157
148
107
148
148
155
211
148
157
50
148
148
170
236
157
148
107
174
209
148
148
148
157
211
170
148
222
236
50
218
168
157
148
148
107
148
218
211
148
157
236
148
50
170
148
148
218
222
157
107
148
236
148
148
50
211
170
218
107
209
148
50
148
64
236
148
148
157
170
211
148
107
148
218
148
236
211
148
148
209
170
73
218
107
148
148
148
170
148
211
211
157
148
50
107
148
148
50
148
148
236
148
170
218
148
211
107
148
218
148
148
236
148
170
148
211
218
211
50
107
148
148
64
148
236
170
218
211
148
148
50
148
107
148
187
148
236
148
148
76
50
148
209
107
148
148
148
177
164
50
170
