174
210
168
170
240
177
182
242
170
221
94
200
210
240
177
288
168
168
210
187
147
174
170
177
155
240
174
210
182
240
168
182
173
180
258
168
210
207
170
207
170
176
168
174
242
126
181
222
182
208
168
182
242
147
210
207
240
168
170
177
155
182
288
174
207
210
200
240
177
155
147
174
210
170
240
168
240
221
170
177
182
258
168
210
207
168
182
200
242
180
168
240
155
168
170
176
181
242
126
210
155
174
182
207
240
208
182
222
210
147
240
170
168
170
168
177
182
126
240
207
168
210
107
200
240
177
188
220
182
147
210
155
221
187
170
177
168
242
174
180
240
210
205
155
182
207
200
181
242
187
210
147
240
168
176
227
211
182
210
168
240
170
182
207
208
168
240
248
182
147
210
155
168
207
240
177
220
188
182
126
210
155
187
200
174
180
180
242
177
210
168
205
240
177
242
182
207
187
126
168
210
168
240
221
182
182
200
211
227
147
155
240
240
210
182
188
176
126
210
155
207
170
208
220
174
240
182
147
210
182
170
168
242
180
187
168
126
205
207
177
210
200
168
240
170
242
177
182
187
168
147
207
210
155
240
168
177
211
182
222
227
126
155
174
182
200
240
170
240
182
188
207
210
147
170
174
160
248
182
240
210
221
168
242
187
170
168
180
220
168
147
210
155
207
182
240
228
182
177
242
126
187
210
168
168
240
170
177
200
211
182
174
147
227
210
207
185
170
240
215
240
177
181
188
126
210
174
168
207
168
170
240
147
182
295
187
189
200
210
222
155
170
187
228
160
205
180
242
155
207
210
168
169
240
221
208
242
182
248
168
221
210
188
185
240
170
215
174
177
211
227
182
210
207
225
168
240
209
177
169
168
181
240
188
210
155
200
202
240
170
228
168
189
258
177
187
210
174
215
168
155
187
221
207
182
169
180
205
242
200
174
210
207
240
207
170
168
215
160
170
242
248
182
222
210
168
168
240
240
169
209
208
211
227
207
182
182
210
155
244
228
168
240
240
170
188
181
221
177
168
210
240
155
225
174
221
169
177
187
189
258
207
210
170
187
200
202
215
170
168
242
177
180
205
174
210
168
215
200
240
169
209
182
242
248
182
168
207
155
210
168
207
160
170
240
211
227
182
168
210
155
240
207
240
169
221
208
240
181
188
168
222
210
240
170
182
174
244
168
170
187
202
174
168
207
169
209
187
177
205
225
155
200
221
240
168
228
177
248
182
237
207
210
155
240
168
211
221
177
200
227
182
168
210
166
215
240
215
160
174
170
181
168
240
188
207
168
210
237
208
209
187
202
207
168
210
240
155
187
182
228
205
182
220
168
222
155
210
168
244
169
221
177
240
248
182
210
174
207
200
225
240
215
177
170
237
182
227
221
210
168
237
169
168
240
258
209
200
177
188
181
207
215
155
240
168
170
160
237
166
228
155
187
168
202
210
168
155
174
221
240
187
228
168
205
220
220
207
210
240
215
244
182
248
166
168
182
168
207
210
216
168
240
209
222
177
182
227
168
225
210
200
170
240
177
181
237
207
188
174
210
261
240
221
221
155
200
258
202
264
187
177
210
168
160
215
166
237
221
220
187
205
207
210
155
240
228
260
210
209
248
168
182
207
240
168
210
168
168
174
240
169
182
228
200
227
182
244
210
182
240
155
221
177
188
181
168
168
210
207
237
264
215
222
166
202
187
240
210
203
207
168
140
155
294
200
160
221
187
209
220
221
168
168
174
182
140
215
168
240
216
228
168
228
168
210
294
155
210
182
240
168
207
240
221
207
210
208
168
168
239
156
240
200
181
300
213
242
215
155
177
274
140
222
240
202
168
209
210
222
222
174
168
196
177
260
220
180
174
200
221
228
187
174
208
203
168
170
160
155
200
240
168
182
273
207
201
221
210
168
228
221
140
168
156
240
300
182
215
168
215
242
210
168
240
207
155
208
170
207
181
240
213
209
210
239
168
240
242
200
222
168
228
210
222
168
202
174
170
207
155
220
300
187
221
140
221
177
221
169
222
196
182
168
203
240
168
215
210
201
228
207
170
155
207
240
200
182
300
209
140
200
210
192
240
242
221
168
169
181
206
168
168
168
213
215
228
210
242
155
170
240
207
222
181
140
221
239
174
156
210
222
200
168
187
168
220
264
207
221
215
155
221
208
213
182
240
300
209
207
228
201
140
168
222
177
240
196
182
273
168
168
216
210
228
240
242
155
174
181
213
240
221
140
221
240
156
210
168
200
213
206
181
222
168
215
210
215
222
300
155
187
168
220
168
207
140
252
300
209
221
156
207
221
168
200
168
239
182
228
240
264
228
210
201
168
240
155
300
213
174
182
203
242
140
300
221
192
177
210
168
156
240
207
222
181
168
213
215
240
210
300
155
242
200
181
222
140
147
168
240
209
210
221
207
156
187
222
213
220
168
200
210
215
239
228
300
208
155
206
170
293
168
207
240
207
182
252
140
228
221
210
240
276
156
207
168
174
200
182
239
242
192
168
215
210
155
213
213
181
240
304
147
209
177
240
168
156
210
140
242
210
168
181
300
216
222
228
222
168
222
210
221
168
187
155
200
168
182
220
240
221
210
207
221
208
207
170
140
162
213
155
240
168
182
215
207
228
215
168
170
206
170
155
200
207
239
300
240
182
140
300
209
192
174
207
242
156
168
120
300
170
200
195
181
213
228
264
210
126
168
240
300
239
222
168
170
155
221
177
170
226
140
222
240
147
187
300
210
215
220
126
216
168
221
210
207
293
168
170
170
168
155
200
206
221
209
228
182
276
210
182
170
162
207
213
168
168
126
304
240
156
210
228
192
168
207
188
170
207
231
213
221
181
240
243
239
210
275
207
140
222
174
242
170
155
162
168
215
200
126
264
276
168
222
210
226
155
231
239
213
168
240
170
195
209
208
147
237
221
210
300
177
140
170
220
168
210
162
187
240
156
228
210
228
178
242
207
207
155
300
200
206
159
236
240
170
207
210
192
140
200
168
300
240
207
155
168
213
162
182
188
213
210
181
242
240
168
300
155
207
183
170
182
300
168
243
147
222
210
170
226
163
240
170
156
231
239
162
178
200
168
222
168
264
221
170
231
226
300
155
197
240
213
195
200
231
237
147
304
210
170
242
228
168
207
179
183
177
168
163
239
210
126
188
231
210
155
304
168
170
207
170
206
240
221
170
175
200
168
208
182
207
168
210
213
242
155
168
240
304
189
170
215
213
126
276
210
182
222
197
226
231
240
207
156
222
207
164
147
168
221
231
163
155
168
200
200
239
170
210
242
174
240
207
178
160
155
183
164
300
187
168
207
213
170
210
155
195
270
177
178
207
168
216
210
182
240
159
170
213
242
207
300
164
197
239
240
200
222
240
210
170
240
231
162
207
156
155
179
174
231
206
207
168
208
215
221
210
170
140
226
300
164
207
231
243
304
242
210
175
155
168
182
240
155
200
162
170
231
195
222
187
207
210
200
170
192
164
207
178
304
170
239
210
174
240
213
156
155
177
162
221
170
210
240
210
222
168
216
276
208
240
207
231
183
210
159
164
168
162
226
231
170
155
213
239
178
170
206
215
242
210
174
207
222
197
231
164
240
168
243
207
300
207
210
200
231
187
164
156
182
159
170
242
270
240
168
213
170
168
222
175
207
240
213
210
164
174
269
155
170
239
210
207
221
221
167
231
168
140
189
164
200
304
170
207
197
208
242
156
231
207
213
240
164
170
228
210
258
155
231
192
168
206
239
183
195
243
210
174
170
242
164
300
187
213
222
178
240
155
168
210
200
226
240
168
155
170
83
269
200
182
167
179
221
210
170
240
226
95
270
164
207
221
208
216
95
156
164
170
231
210
200
182
168
243
202
155
239
207
240
231
164
170
231
175
174
207
211
168
164
170
167
155
192
231
200
222
240
200
155
243
213
207
210
222
164
239
226
270
197
206
240
195
210
156
164
207
269
170
200
240
221
168
183
174
226
187
155
270
242
170
210
197
207
182
231
210
228
168
240
216
164
167
155
231
221
207
179
170
242
210
208
164
239
237
155
231
170
243
210
159
164
240
156
231
182
300
243
168
207
221
170
195
213
240
294
210
200
211
155
222
186
226
270
170
222
175
167
200
204
164
170
242
269
240
174
205
155
187
239
167
240
231
200
210
210
164
270
207
221
155
170
174
242
243
325
216
200
240
164
208
231
168
210
209
170
210
183
207
182
334
213
240
83
155
156
164
231
168
209
213
207
197
221
222
206
210
174
155
164
200
220
200
174
239
240
334
174
179
170
243
222
210
169
211
226
164
155
170
209
240
231
167
207
235
195
210
164
187
269
200
222
170
220
304
169
242
207
210
237
164
270
200
170
175
200
207
239
168
243
242
221
210
164
231
213
170
155
209
174
304
221
208
240
216
210
168
167
174
177
231
237
213
182
155
209
207
170
200
222
240
155
210
220
164
168
240
200
151
240
170
168
226
155
169
210
221
222
177
170
195
140
211
228
222
240
168
266
239
187
155
235
210
243
242
269
334
155
221
164
170
156
200
266
169
200
83
210
220
237
207
270
177
209
93
221
266
207
294
168
213
208
155
265
222
155
210
164
167
155
170
186
207
200
237
266
222
222
155
210
209
177
231
175
213
240
209
240
266
168
231
220
200
210
209
195
183
239
207
169
164
213
243
170
176
222
304
266
263
240
221
187
210
226
156
177
170
222
242
266
222
228
210
211
207
235
155
155
170
164
266
237
243
221
210
200
220
155
239
170
177
189
221
220
222
266
210
168
213
184
164
183
170
240
229
208
221
186
207
222
266
231
175
237
195
168
170
207
156
155
177
210
186
182
263
209
200
266
240
206
184
213
270
240
168
209
164
240
243
155
191
167
187
242
170
266
210
177
222
170
244
226
169
207
215
221
175
170
222
229
155
207
172
168
216
221
210
228
266
164
235
155
174
237
220
122
183
170
222
222
168
210
184
170
200
177
211
173
169
294
266
170
243
276
240
222
208
237
213
167
210
164
243
239
184
231
221
173
170
221
222
210
220
209
294
168
210
155
177
229
266
200
174
222
184
170
263
195
170
189
207
240
240
164
210
226
200
209
266
242
170
187
183
168
155
207
210
186
177
216
220
221
240
332
170
186
167
184
154
222
192
170
244
222
177
173
182
210
221
266
164
174
168
240
276
170
237
228
206
183
208
210
235
211
239
276
266
184
237
177
200
222
232
207
175
172
231
222
294
191
184
221
222
210
240
304
240
154
170
248
213
243
164
222
294
183
210
240
170
210
220
242
167
209
240
195
266
117
176
170
173
174
216
210
215
243
200
266
154
222
221
207
220
207
170
210
184
164
242
240
245
183
266
245
177
207
170
237
226
154
300
240
244
170
210
187
170
192
221
228
184
184
276
173
208
170
154
240
247
232
240
240
235
174
240
266
294
200
170
210
222
184
117
183
164
170
237
159
231
200
270
222
186
229
294
170
210
170
202
182
248
170
207
154
213
222
174
258
222
240
184
209
242
211
222
170
210
177
164
266
100
170
183
220
243
222
175
160
242
207
215
174
210
170
177
170
266
239
154
209
187
207
191
208
240
245
261
276
210
184
164
223
170
221
183
244
247
241
240
176
174
174
266
222
286
211
269
294
232
240
93
239
170
170
222
170
216
210
154
215
207
266
151
207
231
277
209
210
164
184
174
170
208
222
229
222
294
266
240
183
170
167
240
174
159
220
248
260
269
148
170
220
211
258
222
170
243
154
174
207
176
151
187
209
174
269
242
164
304
193
177
170
243
170
183
160
186
220
222
182
266
148
260
148
242
215
240
184
174
170
208
222
170
222
186
168
260
154
266
244
243
151
245
261
100
241
209
164
167
286
170
294
155
177
170
192
210
215
222
148
269
211
269
304
174
170
237
184
239
222
232
221
170
154
220
294
151
231
266
260
184
207
277
164
184
234
211
170
239
208
222
155
222
159
294
129
207
184
248
148
220
269
269
174
258
170
240
176
170
154
222
160
243
242
151
304
269
152
164
170
209
184
176
260
170
299
222
210
155
207
206
170
148
184
221
242
240
220
286
215
260
174
222
159
208
154
203
237
182
269
151
222
294
245
177
261
151
240
184
170
304
170
243
158
155
186
157
160
241
148
184
173
174
294
203
174
209
207
239
154
234
231
151
277
269
220
160
222
170
184
170
222
209
176
222
220
186
294
155
258
148
269
248
207
260
174
184
220
304
203
207
154
222
222
269
299
239
286
253
210
184
275
170
177
174
232
170
186
155
222
240
240
192
294
269
260
269
215
174
177
184
242
160
203
154
167
207
304
211
222
242
261
300
220
182
184
260
182
170
184
209
270
222
170
151
294
155
276
160
245
210
220
299
260
184
203
221
174
174
269
184
242
170
222
209
222
243
234
300
187
277
332
184
260
184
221
231
294
160
170
170
238
209
304
222
258
248
269
160
304
239
182
184
222
286
240
174
170
299
170
258
210
244
269
304
232
222
269
209
170
155
220
170
294
160
207
292
236
240
186
174
304
300
174
222
239
207
182
158
260
121
269
242
170
300
215
276
170
220
242
300
192
269
170
121
170
240
160
245
258
203
210
294
237
242
300
209
294
260
220
182
269
260
170
209
260
304
231
170
295
349
277
221
222
286
231
170
209
203
245
258
269
300
269
248
270
160
223
220
299
174
170
243
258
244
300
269
294
260
209
222
160
240
232
170
239
270
240
337
300
292
269
269
203
242
304
170
207
220
154
276
215
270
191
177
242
260
300
260
222
270
223
239
155
222
170
304
174
209
203
258
294
222
186
294
242
160
237
300
245
207
286
170
260
222
154
270
245
231
209
300
277
160
182
223
269
269
170
241
366
203
210
187
147
248
299
206
209
260
285
220
275
269
294
170
221
202
285
240
177
258
300
244
175
168
269
269
209
223
299
170
174
243
232
203
150
285
292
216
240
210
160
300
269
240
264
222
294
154
170
239
187
276
160
148
286
240
220
275
260
304
260
209
196
207
285
258
170
237
146
203
300
304
321
260
269
294
222
239
207
260
294
276
186
170
154
334
294
300
207
260
260
209
170
304
285
245
186
300
269
148
245
220
245
174
285
182
248
222
170
203
222
294
244
160
299
154
334
276
209
155
147
221
170
170
168
260
202
304
240
300
240
299
177
222
269
276
210
280
286
223
168
155
170
294
209
207
242
276
154
260
234
269
209
347
222
277
160
243
170
242
285
170
304
155
258
304
237
260
321
209
347
220
277
243
294
260
174
294
170
277
304
154
260
210
334
207
260
347
269
209
285
170
148
260
304
294
320
207
269
177
222
239
347
209
210
276
170
304
186
258
304
197
334
209
269
352
207
208
295
286
154
170
285
294
240
160
260
304
182
222
164
334
269
209
269
352
221
170
174
294
186
349
222
299
260
234
347
154
209
223
157
285
258
277
280
164
191
248
234
264
260
347
207
304
170
294
160
280
262
237
260
269
251
209
347
243
222
294
306
242
177
260
160
285
334
210
277
269
276
174
347
209
304
294
220
239
170
285
258
210
207
158
206
177
260
286
347
220
304
177
320
285
207
186
304
276
222
334
160
209
294
269
352
294
170
207
304
332
294
182
276
334
260
277
170
352
160
277
197
222
209
285
177
304
299
258
186
262
234
347
209
269
304
260
334
170
222
285
177
262
221
174
321
244
239
239
304
260
347
209
304
223
170
160
207
285
177
262
260
186
208
269
286
234
347
170
318
243
299
306
209
285
261
160
280
207
258
222
269
347
220
249
294
300
304
285
242
276
239
207
67
320
177
220
172
269
240
260
148
300
347
299
177
210
170
220
304
285
304
231
260
222
207
160
243
269
294
260
352
174
209
304
285
334
258
277
177
300
220
260
160
334
182
207
276
300
210
352
209
299
170
304
285
262
260
222
242
186
286
262
280
347
209
300
304
285
262
260
177
177
280
221
269
304
269
240
222
347
239
209
300
304
285
258
261
170
174
206
294
263
183
223
260
347
220
186
300
306
207
299
285
276
160
242
222
243
177
269
347
280
197
300
170
304
285
220
239
260
164
186
207
261
200
347
220
209
276
159
299
294
177
170
177
304
207
334
300
260
277
189
285
242
263
352
209
258
240
300
304
170
183
285
260
207
222
304
220
294
187
177
182
170
280
210
260
211
285
168
261
160
294
260
260
247
300
164
299
222
262
258
285
169
221
177
276
347
269
244
222
239
220
177
304
304
210
261
304
276
174
151
231
242
223
183
169
260
280
286
294
300
306
164
186
207
174
158
285
260
222
245
285
243
276
347
220
239
151
299
177
304
300
160
261
168
258
280
285
182
334
220
292
207
347
262
221
260
207
300
304
299
262
285
209
177
197
200
222
320
260
352
168
236
220
276
260
280
304
183
262
285
207
260
150
294
220
168
186
269
182
276
278
187
300
304
304
262
321
258
174
285
237
220
169
335
286
280
222
231
261
276
294
276
304
264
221
299
334
239
209
347
276
220
276
206
169
293
304
260
280
222
276
295
177
294
304
223
240
279
304
260
220
260
279
210
275
182
207
294
261
285
239
183
306
258
222
318
347
260
221
174
294
276
285
197
293
304
207
260
189
299
220
262
278
294
220
243
280
210
207
262
334
304
293
168
299
260
237
222
280
276
304
210
276
286
276
240
262
285
207
258
177
220
186
304
186
278
276
231
212
168
187
280
216
276
304
222
207
186
304
300
207
220
280
294
169
182
304
260
183
220
294
222
276
236
285
247
293
276
239
221
304
237
169
279
280
299
220
285
304
275
261
222
258
279
223
186
264
318
269
196
292
276
207
285
293
294
285
304
262
222
239
304
187
220
280
191
199
276
207
262
260
304
299
220
197
285
222
236
276
207
276
199
276
293
262
335
299
306
231
258
236
222
210
168
200
183
260
248
243
280
259
199
231
294
276
222
210
304
276
207
220
210
260
220
285
199
293
276
285
280
207
187
260
276
304
220
304
169
269
253
220
186
280
299
199
279
275
279
261
239
169
304
258
221
241
186
196
182
294
276
318
293
199
285
222
262
286
183
304
215
275
223
186
299
220
280
276
293
199
280
276
262
222
260
294
304
299
233
222
239
260
263
199
276
293
222
276
285
262
258
304
304
294
220
197
186
260
259
280
168
207
285
300
276
222
276
306
177
222
294
231
299
269
199
276
280
293
285
299
304
260
299
200
220
183
294
276
210
279
199
286
280
275
220
258
279
304
157
207
285
169
220
294
261
189
276
183
196
220
276
199
293
304
150
285
318
207
260
294
304
187
207
262
264
221
209
260
280
275
210
199
220
293
276
260
184
239
304
184
177
294
223
222
262
299
260
285
245
276
299
199
280
293
276
258
294
157
209
207
222
183
209
210
262
243
187
186
280
199
300
174
304
304
276
184
220
183
239
222
187
244
286
277
276
199
293
285
184
285
222
276
177
207
244
299
276
196
279
275
220
279
258
211
299
157
280
304
220
300
261
207
200
199
269
276
207
299
293
183
220
285
280
150
294
207
260
285
222
294
220
210
318
262
220
183
260
280
199
187
157
276
299
299
295
221
196
262
239
280
269
245
276
199
293
276
306
258
207
285
209
226
222
237
223
177
189
262
187
209
286
280
240
240
199
300
276
157
285
241
334
184
244
222
222
197
210
195
277
213
276
207
199
293
285
285
260
304
220
209
299
243
276
335
220
207
269
183
279
294
239
199
275
258
304
299
187
279
306
294
222
280
213
233
299
260
280
276
199
293
285
304
295
222
177
260
196
222
209
262
318
269
200
280
199
293
187
276
207
294
183
294
220
211
174
304
279
209
207
280
286
276
199
293
222
276
285
258
306
221
207
183
280
279
209
239
240
199
299
276
174
285
300
306
187
240
280
210
177
276
279
213
275
269
276
277
199
223
196
293
276
207
260
285
294
207
285
222
294
276
183
304
220
335
294
279
231
199
275
196
222
279
299
260
304
220
280
239
187
276
199
269
293
285
183
285
280
306
213
244
222
286
262
304
222
280
209
207
220
199
293
260
197
276
177
304
299
318
174
222
186
279
207
294
200
187
209
276
174
199
293
258
276
276
304
264
337
159
240
279
245
187
275
260
107
199
300
187
294
279
299
280
183
213
184
196
276
240
199
275
260
276
285
239
209
221
187
223
263
220
196
207
199
285
269
177
275
258
279
280
285
183
211
159
207
294
280
231
276
199
260
275
222
260
197
196
183
304
245
220
262
269
280
187
199
299
280
293
222
239
276
260
306
222
183
207
279
244
187
318
299
199
276
209
275
286
304
258
207
285
222
225
279
280
276
209
240
199
280
304
285
174
240
187
177
176
304
299
300
279
197
244
280
199
269
276
200
260
183
306
276
275
187
285
187
223
304
207
275
209
263
279
199
222
275
285
304
183
285
277
221
294
280
280
213
269
276
196
222
199
275
207
285
239
176
279
222
262
280
209
294
196
199
280
177
275
240
276
286
294
207
207
244
279
304
209
207
276
299
276
199
276
275
299
196
222
279
240
280
294
209
280
199
196
240
211
239
174
304
285
299
187
222
279
183
199
275
197
321
294
306
299
337
366
220
276
213
275
279
187
304
299
285
200
280
222
269
280
304
211
309
275
215
213
207
279
183
285
262
280
202
207
304
222
364
299
334
269
279
196
183
207
294
276
239
276
294
187
276
279
294
196
240
211
183
209
294
196
276
285
304
275
280
279
240
280
209
150
275
299
269
299
294
275
243
187
269
207
275
222
285
196
285
304
174
207
299
263
280
213
239
294
202
294
304
158
299
269
183
207
276
222
207
299
209
304
304
318
215
207
183
276
275
294
276
276
304
304
334
209
187
209
240
294
294
269
179
183
304
275
304
304
299
276
183
304
294
209
239
222
275
215
187
174
294
269
304
179
213
222
207
304
275
294
276
299
177
304
213
300
183
276
294
299
207
276
348
183
304
299
275
276
222
276
299
209
276
183
304
207
179
207
209
285
207
269
183
304
304
275
294
299
209
240
269
177
240
209
276
304
240
276
299
207
170
209
183
294
304
275
222
276
148
294
213
183
304
300
304
239
276
183
294
304
294
276
207
275
285
213
209
177
304
276
187
209
239
299
285
183
304
207
260
275
285
299
187
213
177
209
304
269
275
285
294
276
242
275
207
304
207
275
183
240
299
213
207
275
265
300
213
299
304
285
183
304
294
209
275
275
239
285
177
213
304
304
285
275
207
207
275
304
213
275
294
285
275
183
209
279
294
213
240
174
223
239
242
213
183
304
170
299
217
275
275
304
240
276
285
213
