
	Distribution Summary

Distribution:	Triangular   
Expression:	TRIA(50, 158, 240)
Square Error:	0.047589

Chi Square Test
  Number of intervals	= 38
  Degrees of freedom 	= 36
  Test Statistic     	= 4.03e+03
  Corresponding p-value	< 0.005

Kolmogorov-Smirnov Test
  Test Statistic	= 0.153
  Corresponding p-value	< 0.01

	Data Summary

Number of Data Points	= 2573
Min Data Value       	= 50
Max Data Value       	= 240
Sample Mean          	= 149
Sample Std Dev       	= 40.5

	Histogram Summary

Histogram Range    	= 50 to 240
Number of Intervals	= 40


==================================================================
Int.   No. of               Probability           Cumulative      
No.    Data Pts.   x        Density               Distribution    
------------------------------------------------------------------
                            Data   Function       Data   Function   
   0   111       54.7     0.0431    0.00110     0.0431    0.00110
   1     0       59.5       0.00    0.00330     0.0431    0.00440
   2     3       64.2    0.00117    0.00550     0.0443    0.00990
   3     1       69.0   0.000389    0.00770     0.0447     0.0176
   4    34       73.7     0.0132    0.00990     0.0579     0.0275
   5     1       78.5   0.000389     0.0121     0.0583     0.0396
   6    40       83.2     0.0155     0.0143     0.0738     0.0539
   7     3       88.0    0.00117     0.0165     0.0750     0.0704
   8     0       92.7       0.00     0.0187     0.0750     0.0891
   9    60       97.5     0.0233     0.0209     0.0983      0.110
  10   105       102.     0.0408     0.0231      0.139      0.133
  11    35       107.     0.0136     0.0253      0.153      0.158
  12    41       112.     0.0159     0.0275      0.169      0.186
  13     7       116.    0.00272     0.0297      0.171      0.216
  14   178       121.     0.0692     0.0319      0.241      0.247
  15    63       126.     0.0245     0.0341      0.265      0.282
  16    26       131.     0.0101     0.0363      0.275      0.318
  17     3       135.    0.00117     0.0385      0.276      0.356
  18    79       140.     0.0307     0.0407      0.307      0.397
  19     2       145.   0.000777     0.0429      0.308      0.440
  20   500       150.      0.194     0.0451      0.502      0.485
  21    81       155.     0.0315     0.0473      0.534      0.532
  22   344       159.      0.134     0.0493      0.667      0.582
  23    29       164.     0.0113     0.0478      0.679      0.629
  24    44       169.     0.0171     0.0449      0.696      0.674
  25   189       174.     0.0735     0.0420      0.769      0.716
  26   138       178.     0.0536     0.0391      0.823      0.755
  27    46       183.     0.0179     0.0362      0.841      0.792
  28    23       188.    0.00894     0.0333      0.850      0.825
  29     0       193.       0.00     0.0304      0.850      0.855
  30     0       197.       0.00     0.0275      0.850      0.883
  31    60       202.     0.0233     0.0246      0.873      0.907
  32    38       207.     0.0148     0.0217      0.888      0.929
  33   147       212.     0.0571     0.0188      0.945      0.948
  34    10       216.    0.00389     0.0159      0.949      0.964
  35   107       221.     0.0416     0.0130      0.990      0.977
  36     2       226.   0.000777     0.0101      0.991      0.987
  37     0       231.       0.00    0.00724      0.991      0.994
  38     0       235.       0.00    0.00434      0.991      0.999
  39    23       240.    0.00894    0.00145       1.00       1.00


=================================================================


Data File: C:\Users\calvin\Desktop\my working directory\third-semester-1400\simulation language\hw3_99207521\Length_Feeder.txt


Function       Sq Error
-----------------------
Triangular     0.0476
Normal         0.048
Weibull        0.0487
Beta           0.0502
Uniform        0.0579
Gamma          0.0666
Exponential    0.068
Erlang         0.068
Lognormal      0.0901
