
	Distribution Summary

Distribution:	Gamma        
Expression:	5 + GAMM(794, 2.14)
Square Error:	0.000859

Chi Square Test
  Number of intervals	= 40
  Degrees of freedom 	= 37
  Test Statistic     	= 177
  Corresponding p-value	< 0.005

Kolmogorov-Smirnov Test
  Test Statistic	= 0.0316
  Corresponding p-value	< 0.01

	Data Summary

Number of Data Points	= 4699
Min Data Value       	= 5
Max Data Value       	= 4.94e+03
Sample Mean          	= 1.71e+03
Sample Std Dev       	= 1.08e+03

	Histogram Summary

Histogram Range    	= 5 to 4.94e+03
Number of Intervals	= 40


==================================================================
Int.   No. of               Probability           Cumulative      
No.    Data Pts.   x        Density               Distribution    
------------------------------------------------------------------
                            Data   Function       Data   Function   
   0    48       128.     0.0102    0.00718     0.0102    0.00718
   1   139       251.     0.0296     0.0214     0.0398     0.0286
   2   158       375.     0.0336     0.0329     0.0734     0.0615
   3   200       498.     0.0426     0.0414      0.116      0.103
   4   170       621.     0.0362     0.0473      0.152      0.150
   5   209       744.     0.0445     0.0510      0.197      0.201
   6   205       868.     0.0436     0.0528      0.240      0.254
   7   219       991.     0.0466     0.0533      0.287      0.307
   8   211   1.11e+03     0.0449     0.0527      0.332      0.360
   9   232   1.24e+03     0.0494     0.0512      0.381      0.411
  10   239   1.36e+03     0.0509     0.0492      0.432      0.460
  11   237   1.48e+03     0.0504     0.0467      0.482      0.507
  12   241   1.61e+03     0.0513     0.0440      0.534      0.551
  13   238   1.73e+03     0.0506     0.0411      0.584      0.592
  14   234   1.85e+03     0.0498     0.0382      0.634      0.630
  15   170   1.98e+03     0.0362     0.0353      0.670      0.666
  16   167   2.10e+03     0.0355     0.0325      0.706      0.698
  17   138   2.22e+03     0.0294     0.0297      0.735      0.728
  18   143   2.35e+03     0.0304     0.0271      0.766      0.755
  19   103   2.47e+03     0.0219     0.0247      0.788      0.780
  20    92   2.59e+03     0.0196     0.0224      0.807      0.802
  21    86   2.72e+03     0.0183     0.0202      0.825      0.822
  22    82   2.84e+03     0.0175     0.0182      0.843      0.841
  23    90   2.96e+03     0.0192     0.0164      0.862      0.857
  24    60   3.09e+03     0.0128     0.0147      0.875      0.872
  25    70   3.21e+03     0.0149     0.0132      0.890      0.885
  26    63   3.33e+03     0.0134     0.0118      0.903      0.897
  27    54   3.46e+03     0.0115     0.0106      0.915      0.907
  28    51   3.58e+03     0.0109    0.00942      0.926      0.917
  29    54   3.70e+03     0.0115    0.00839      0.937      0.925
  30    45   3.83e+03    0.00958    0.00746      0.947      0.933
  31    27   3.95e+03    0.00575    0.00663      0.952      0.939
  32    38   4.07e+03    0.00809    0.00588      0.960      0.945
  33    30   4.20e+03    0.00638    0.00521      0.967      0.950
  34    38   4.32e+03    0.00809    0.00462      0.975      0.955
  35    19   4.44e+03    0.00404    0.00408      0.979      0.959
  36    41   4.57e+03    0.00873    0.00361      0.988      0.963
  37    18   4.69e+03    0.00383    0.00319      0.991      0.966
  38    16   4.81e+03    0.00340    0.00281      0.995      0.969
  39    24   4.94e+03    0.00511    0.00248       1.00      0.971


=================================================================


Data File: C:\Users\calvin\Desktop\my working directory\third-semester-1400\simulation language\hw3_99207521\TEU_Liner.txt


Function       Sq Error
-----------------------
Gamma          0.000859
Erlang         0.000933
Beta           0.00151
Normal         0.00304
Weibull        0.0031
Lognormal      0.00324
Triangular     0.0062
Exponential    0.0092
Uniform        0.0112
