1223
605
1502
268
4082
841
2062
1881
1394
2683
58
263
1046
3418
916
1724
1357
1159
907
2590
515
1552
257
661
1236
1595
1463
526
1558
4300
887
833
1354
1415
1887
1603
808
3407
214
1914
1287
791
1544
381
1667
496
1162
1872
327
884
1380
1788
1387
471
1108
1914
3925
1304
262
976
1504
1441
1787
1366
1782
698
361
4293
828
1210
434
944
825
927
1734
1522
4523
1535
341
573
1578
1425
1278
878
1824
1260
933
322
1540
1568
1515
3750
1042
801
282
755
814
1596
480
1070
933
1322
271
1992
4047
765
1860
2318
833
547
3922
1293
722
251
1546
833
763
507
1807
2420
1110
818
147
262
3775
707
894
1058
1099
555
941
961
2802
3368
216
897
1280
820
1656
1199
4190
1105
664
1377
803
2144
152
1283
1186
727
1047
717
1121
508
586
1335
1474
965
914
4101
1599
262
1551
976
1270
1007
821
534
860
976
1239
1572
1576
3868
790
1557
684
1208
633
884
1074
3028
431
1430
994
994
1175
746
832
1530
910
4516
860
1202
1669
2438
668
518
1752
916
1103
4789
2876
751
1365
299
1414
791
574
855
857
4307
1509
1072
916
691
629
863
1428
1713
243
826
1156
1624
4226
1169
549
837
466
1262
1267
1443
1406
3255
1387
671
1385
2044
1081
1197
107
1317
4288
205
1632
710
1417
601
1629
619
2569
508
1276
1215
925
1384
1293
2869
1052
790
1050
1506
915
330
4586
231
824
1319
951
2559
1936
659
1015
1438
1023
1001
1483
4052
880
2592
1196
2126
3214
254
1179
1523
1576
1426
698
1048
892
1235
296
4784
568
1258
900
1982
677
1209
1109
1076
919
4676
195
816
230
1721
1732
1311
696
946
1483
2434
907
227
4560
979
2143
994
1450
677
545
1055
1447
883
2565
1267
153
150
908
2066
983
1452
187
1548
2356
747
269
3392
1007
953
1150
1522
1593
1220
1687
1698
1201
243
4427
752
867
1615
1839
992
1618
3304
1195
887
1044
4223
383
897
1660
993
1417
930
1687
1598
2028
641
908
4505
892
759
210
1548
1502
1595
1034
1877
696
566
441
212
943
1622
1691
1682
913
918
1447
930
774
1568
653
3079
924
2139
815
182
1116
968
1547
281
1263
1497
2707
4038
438
584
1388
1448
1167
192
1616
839
1262
2438
1564
1619
824
3707
2140
228
1299
636
1597
892
2935
1250
239
1260
578
1239
1477
896
4508
1760
182
792
1104
3075
765
961
1494
729
1246
597
1427
120
508
768
1252
1514
2288
1648
723
3653
188
1323
1635
264
1423
1380
841
953
1101
1480
1566
1102
1158
133
153
1838
935
1099
1151
1243
332
2772
904
1101
667
1399
1022
179
4700
1120
850
1199
1446
1317
1016
4725
2124
2501
279
2148
820
1129
1183
792
1423
2050
1163
4885
904
254
504
2200
412
113
1133
1342
1586
1216
2271
286
2314
3651
1165
1014
3143
1116
226
2460
4504
1834
1674
1223
1244
1318
2389
2073
960
935
4891
1666
1489
1664
896
298
1102
921
503
1277
560
2561
4145
1230
726
1446
223
691
742
895
896
2100
721
987
2111
624
1129
627
1047
1419
1178
1319
1738
571
3396
927
1349
1215
278
854
1486
1806
720
1221
1133
1330
251
1354
752
4313
996
1147
1546
1258
1760
265
2244
1387
815
159
371
1062
1007
1854
1303
1137
1662
197
1237
4773
839
1332
257
775
1145
1383
1855
1252
861
1268
271
933
506
1785
1532
603
1244
574
1454
1545
1075
1158
1133
1575
439
3127
1341
1777
1151
1474
1406
1669
1516
1494
1139
751
1037
740
1283
1446
1449
1232
1409
1749
1257
4195
1522
1625
764
820
1092
1484
316
1179
410
158
4412
1069
1611
341
1515
1026
1394
1300
1722
1184
2016
1340
354
631
1224
1517
921
823
608
1650
782
1649
823
286
1591
941
2835
1056
1427
1547
923
1315
2050
697
1385
933
1452
1592
1963
561
1167
1593
895
1413
1444
166
949
1482
450
934
1143
713
1276
345
4794
1010
1520
684
913
1710
1583
944
827
1941
1284
831
1599
1074
473
1226
1027
1656
759
1046
1742
431
1466
1979
158
993
1852
3011
1834
1672
1261
1146
1874
1526
950
609
980
1422
4913
1269
1837
192
1056
494
888
927
1650
555
1685
4515
1611
1846
979
1972
2817
729
1091
1142
1127
473
1746
4642
469
1142
4597
579
1603
1416
1690
2626
3933
420
950
1558
355
1291
1730
937
1516
1397
1854
508
321
2819
1124
170
110
448
2055
1461
3336
143
1368
293
632
379
1118
1822
679
1196
1324
2838
1821
1506
1658
1139
1619
440
1740
630
1690
1913
2859
1227
413
1697
1533
847
1334
325
1019
1527
1223
323
1544
1321
1020
1164
1312
1598
337
2198
2033
578
1415
1115
1643
1376
1428
1953
905
1059
207
2188
1871
2263
4131
4018
1794
402
1746
2882
1637
186
1419
1042
1308
1308
819
950
2035
1186
1771
1882
619
242
1000
213
682
1537
1911
1846
237
237
1332
1605
1086
2391
1921
277
1579
3556
1657
352
1484
936
703
1868
1476
1836
1149
240
1581
827
1391
409
1766
572
1508
1676
933
1074
1200
1697
3247
567
1175
738
2261
1588
1987
1741
1157
1213
529
1446
1761
1796
1446
1110
1557
695
199
1670
3175
656
1390
1031
1850
1046
1443
2307
2015
1453
1618
1600
1835
712
1974
658
1737
1906
1480
1063
338
1148
3766
1636
1543
1060
469
1364
2056
3330
3928
1281
3478
1693
1519
1800
1443
507
763
2782
1913
1368
1329
2005
1420
1809
1025
219
251
1704
1712
463
2254
1460
895
1056
1684
3977
762
899
1688
387
1717
568
2936
2274
1309
2756
769
1615
1944
4857
3326
2173
1705
465
1632
2179
1029
1376
1654
1172
1537
1543
718
220
1831
485
1798
1082
3725
2189
1559
3665
2653
845
1324
973
2725
1310
833
275
1852
1243
1502
1360
3491
220
1520
1007
3348
3665
2950
1811
374
711
1232
1757
1008
4040
2107
2035
934
978
812
1674
197
1887
816
1068
1699
1138
1456
1025
1685
1260
1712
2846
479
2729
2589
1337
1600
1081
833
1973
808
684
1505
4826
807
1942
2748
1861
816
1563
1226
2430
1716
3623
1462
685
499
376
1798
1155
2151
1105
1781
2750
2184
2001
582
882
104
941
1860
1179
1490
2337
1532
1748
1219
1736
780
2126
363
1740
2207
2392
320
1942
4874
1649
576
3009
2738
1833
529
1461
2499
1545
1885
375
3339
635
1784
1934
1432
1189
1983
450
987
679
799
2147
382
2260
1101
381
1801
1885
3229
1420
1077
389
2708
4448
475
2157
2017
939
1881
2062
279
543
1668
2127
765
1128
3255
402
931
336
1667
780
852
2177
3807
1872
1790
252
1688
946
1442
900
82
2533
914
1497
903
349
2505
867
1062
1356
1308
1217
2976
1309
64
2630
2362
1267
1606
557
405
299
1548
2432
2376
818
1168
943
1094
1331
1645
126
1349
1460
1321
387
402
2590
1279
2281
1017
1263
1813
2811
321
713
1115
4762
402
2574
1864
1312
462
347
2247
1089
2490
2718
270
1081
1012
1197
782
455
2446
3999
854
1333
1405
2436
1503
2362
779
2392
1577
3675
829
3537
585
853
501
1541
2056
1618
1597
802
1513
1518
2073
3982
832
1692
617
912
1066
599
1917
1490
1050
882
2048
4289
1306
2038
1755
990
334
672
2042
1942
386
608
502
1979
1187
2289
1845
1119
2202
1674
1799
413
729
191
1375
1438
2864
1211
359
2301
2149
1659
1746
3867
1767
212
4499
833
2234
940
1791
636
333
1620
1795
2250
2284
1457
1616
777
166
510
3613
873
786
393
743
618
2894
2573
1253
1180
2022
143
1964
1870
756
1779
4301
2227
1654
713
952
1197
2358
2388
2134
191
1579
2073
2491
1461
1555
4784
4153
150
1757
538
937
463
1917
1256
559
1911
61
1847
3128
4866
3345
1696
2137
1043
1125
406
1168
2120
2551
771
1949
1173
1429
1532
365
2411
1809
3040
2507
4831
351
1495
974
1924
316
797
2368
695
1810
1211
2406
2009
1904
2930
3041
3277
211
2040
1106
359
808
1728
1448
2248
1964
3330
1992
4871
940
142
478
1542
2285
653
1485
2115
4823
1217
295
1665
1306
1965
373
2336
2107
1073
1468
1482
1682
299
2704
1376
2414
698
2757
4290
658
1072
2538
401
1441
3266
1435
515
1154
1726
479
1101
2326
474
2222
2883
2113
2561
3510
3049
1500
2320
2060
1971
398
1506
1659
3279
1955
325
1380
2158
4143
2025
1239
1863
2522
406
1983
1730
1723
3297
1296
2363
1165
286
4028
2052
3958
1627
1912
307
1590
1888
1369
1121
313
2063
1018
2319
1324
1767
480
318
1899
3761
673
2495
1157
2313
2326
2033
386
3081
564
1058
368
2412
4052
2843
1428
2111
2516
3265
488
1386
473
1528
1171
3514
2827
1429
2061
1860
1301
1656
689
2312
2882
2870
1978
330
2381
2889
1285
1663
503
816
2066
3383
2585
2013
2542
1178
1267
631
749
1094
3761
2148
2002
275
2780
3405
1688
2997
2272
1300
3551
397
2299
2371
937
3891
1934
3774
1353
914
4025
335
523
2338
672
2433
2427
1975
2904
237
2068
1561
3177
164
1627
685
1820
2150
1558
1349
1710
1811
133
2770
744
2250
874
2116
1587
1826
1327
426
2983
892
2924
4423
2121
582
223
1390
1319
2263
3564
686
2807
746
1457
3098
2765
1173
275
2902
2007
2347
2554
439
2021
2745
2158
445
2153
1998
1940
1295
2127
2924
2180
1476
2161
950
384
1776
2553
1166
4124
822
477
1432
3033
617
4568
4647
2650
1242
1143
1681
1758
3778
2232
1236
4935
4554
1235
704
924
1678
2503
1836
2985
2965
1787
2272
534
1718
674
2877
1442
1353
1492
2981
911
1909
1839
2533
4158
1576
286
1758
1933
1262
3506
1849
366
2694
1860
2522
1840
3516
1384
21
1487
1731
2464
477
567
1550
1413
3178
1422
2429
1703
3147
1841
2110
2345
1734
2136
1177
2129
3541
2007
3493
435
1336
3019
902
1167
2018
4077
3874
3098
687
1736
3633
415
835
684
2674
2405
1698
1973
1618
3161
3608
2393
1269
1851
975
3011
1858
601
2300
1140
1672
2914
1686
1408
1917
1268
1427
1023
3763
491
3743
1011
125
1896
1671
1634
2151
723
1616
672
2732
503
3514
1741
2365
1977
905
1801
1612
1658
2104
1812
378
399
4232
1577
825
1914
859
3815
894
1168
2520
1415
1626
1439
1379
298
4494
3001
1874
1697
2118
3661
1721
1468
2495
4323
3439
4125
1638
1790
2801
981
1784
1232
1224
1785
1280
3490
1959
1788
666
1566
1903
516
1192
4380
2396
3299
2036
1017
2177
1550
1755
625
2330
1936
2072
3298
3040
2838
1171
891
1701
823
1036
2910
1353
917
316
1138
1587
1869
1311
1644
3356
4228
1462
1858
1848
1084
1800
1118
1452
98
3684
1912
1361
1212
1119
933
2032
1967
2543
1521
2062
3617
432
2021
1175
3593
4932
1074
2370
348
2706
1553
2345
1912
1250
4316
3505
709
1749
1035
1238
879
2939
2230
473
1678
101
2055
2157
1221
3630
2511
275
857
91
3948
2194
1983
1330
1369
3564
1182
2580
1830
1200
2134
468
2269
1874
1777
381
1610
472
822
1684
4119
1268
1424
2029
2167
496
3163
213
1919
1765
2235
1449
1654
3178
1326
1336
1785
1809
4450
1673
403
1353
475
383
1636
624
1563
335
1857
1560
3716
1643
3243
1582
1339
1778
831
1804
1626
3789
1523
3314
1286
1671
3194
2765
2757
1265
1598
1103
830
1781
1209
2935
2507
943
1522
2462
1957
387
1713
930
1070
2152
3100
2988
1452
1571
1609
1290
405
624
1749
2009
3632
1021
4313
898
482
2680
2354
1469
2939
1693
576
1313
1502
417
2592
1614
1353
1371
2002
397
446
1762
3215
1347
1275
3970
389
1819
2827
664
2361
1779
403
3075
515
1217
553
1449
3543
2964
789
1217
2202
458
2328
2158
880
1248
598
2090
1055
3051
397
1313
1741
2769
1567
3168
416
655
474
3751
1642
1026
1696
352
2288
1223
2289
767
1383
472
1659
1040
2656
4287
1684
1663
739
2054
1007
575
3242
375
892
1838
1388
2531
1735
4046
2025
3131
1037
735
1755
1579
470
3505
412
703
4509
1960
331
1391
2780
1283
557
3138
1800
1106
1560
1851
309
207
2108
1594
2149
1396
698
1374
3450
1253
2192
424
2739
621
424
2143
836
1289
2287
2101
2647
1302
3787
1498
490
1629
2889
1779
567
493
658
1210
1129
3010
3714
961
638
1681
695
1305
1621
2133
2036
2712
3229
584
348
653
1848
2415
2416
324
2178
2199
4859
1586
1089
549
1175
3060
743
4468
1795
2227
2387
436
1929
1286
867
812
296
1100
2346
2243
1858
204
409
3807
2686
375
865
1717
885
1982
460
3311
1894
1828
681
3457
1126
2892
297
2565
1106
3430
913
2340
2260
3098
3077
1799
1709
4575
1212
2280
819
555
1179
620
1980
817
1841
2966
948
1017
1606
1076
2160
2662
3527
1671
1795
1177
413
713
767
1750
1109
882
2353
1406
2320
621
2516
1022
376
1360
325
3347
1793
709
2776
3310
2155
2506
1687
1147
484
455
2119
438
3980
644
819
2930
999
2204
522
266
2494
2272
3048
2301
1016
719
1813
2674
703
528
882
641
704
1042
472
4172
1013
1506
1997
695
262
2057
2192
716
395
625
2337
1198
2163
546
1503
2389
1718
840
2921
3686
907
1127
3433
3113
2442
1301
2324
448
1321
2652
97
1544
829
966
2033
1127
198
544
2283
1762
1525
1402
1015
1215
736
1117
2408
378
789
2835
1862
2051
639
4094
1345
3754
1491
1454
1797
698
919
1568
1577
2472
671
1924
1264
579
473
1410
447
2475
2669
2879
1105
1788
3346
3629
250
301
1124
988
1719
1667
444
288
662
1619
610
2013
349
1621
3734
1932
1423
2081
1229
623
1192
1106
2164
2275
1051
2023
1895
2651
472
974
1298
3253
515
80
1746
3197
3023
1919
703
629
1524
2849
471
772
1921
1195
682
846
1750
754
633
1580
1095
398
1887
2562
1252
1392
856
1289
599
1050
1010
130
685
3472
2011
346
2535
878
2133
744
2601
1005
237
607
1041
922
4719
2408
1535
1444
241
1432
1986
860
2595
2458
2034
859
2932
1800
178
324
1036
559
936
1104
1158
693
727
1101
1849
111
1707
1480
580
2639
1074
2759
1287
885
451
374
359
1931
1965
1946
1720
983
1103
550
2659
2827
2153
277
1192
2451
800
123
648
1481
786
224
1453
725
527
2232
135
499
227
364
3980
1004
1116
2789
2432
1171
585
793
1840
341
1749
976
2234
120
639
2098
874
1924
80
1728
1701
1136
163
136
2947
1330
4502
2357
443
1243
1340
2258
435
795
246
834
3632
631
1177
2925
1202
1841
1057
2599
277
1874
2259
402
1198
303
746
1115
2058
2262
304
2209
483
198
269
939
1950
1688
104
1650
396
691
294
969
614
265
1008
1329
1278
533
1262
2639
385
1671
787
3381
848
1769
3078
2860
197
1514
824
479
1565
2536
1472
63
2484
1131
796
1437
1022
984
2232
2598
1004
2246
1276
257
1400
4427
1678
2042
2271
2123
2015
2363
378
2580
1507
697
290
1589
1006
207
723
2231
1460
447
1584
2599
2010
615
1128
2303
3423
1818
1175
776
300
200
2313
149
727
1129
878
400
4042
301
1143
818
1330
2153
1772
1330
301
1495
343
1318
220
1363
892
3123
1150
14
277
589
456
2276
418
1759
2219
1249
143
447
1750
525
1255
2112
177
2315
2000
447
898
2214
2353
237
2048
318
1446
3703
268
2546
206
712
2453
209
1723
1954
627
935
3797
2323
577
1867
1714
166
3669
391
311
226
1588
2380
3171
1634
1474
4099
650
1541
2528
846
2048
2482
3049
1837
2737
1404
1393
314
1751
1427
4447
189
1709
1419
2388
823
251
921
4561
2083
1290
1596
353
2090
812
365
1654
187
2976
3059
1746
3065
1317
1566
883
2227
499
3278
1031
2832
1251
180
1439
2101
563
2909
1350
910
534
4046
677
1463
2878
1710
2562
1666
304
3808
2618
2201
1367
1948
2611
1144
644
3582
1815
1876
1784
3754
2144
2264
779
2216
1439
745
2370
3845
3291
2562
1131
260
1534
1388
1006
2068
2328
1379
623
2514
2108
2504
1143
1672
148
1994
3555
2267
488
2441
532
2733
2333
1254
2221
2678
1083
1940
2229
2008
2180
1961
1490
1523
2242
1819
268
1190
2280
3246
1971
1651
1564
1954
430
107
1632
2175
923
800
1302
1643
1870
1340
953
3647
2074
224
1028
2446
2060
1428
2530
2161
1918
616
1160
2360
2051
2437
922
2555
2302
597
474
1316
2023
1635
1559
440
885
604
1511
288
1894
2665
406
1726
2955
1976
1402
1269
2571
2183
2079
985
2526
3133
385
1230
1959
1017
1289
288
1917
2761
1096
1619
681
342
2607
2133
2269
1370
2723
981
1115
823
1404
286
1840
2843
869
3508
1909
2366
2199
2018
552
1489
1528
226
135
2136
3219
1903
1663
4517
2774
1127
2132
2298
2819
1651
1732
953
615
3268
2343
1317
2923
2304
1485
1751
603
1899
1468
3400
1136
998
381
2007
3772
2625
1906
2654
3253
1374
2313
3097
1103
623
2605
2314
74
2723
1457
949
434
2227
676
1573
3051
1347
2539
1619
484
494
3914
433
3400
3227
1278
472
27
620
1948
1459
183
1568
743
1476
717
3538
2301
449
2629
2328
991
823
2321
2728
2093
154
1270
2111
3593
1317
1749
864
914
1593
2367
769
3071
1579
3445
1772
1046
332
1696
1537
3038
3470
1532
1068
1647
2360
1335
2346
3431
1093
3521
2124
4516
639
3218
284
2928
1232
684
1648
1745
1452
1251
3967
951
2293
3666
3495
877
3068
784
220
864
1756
4472
3024
2073
238
2021
507
3713
1534
786
2707
1159
1029
1380
3154
675
3591
1465
2204
3957
2409
1246
571
4072
1969
923
3011
715
699
1479
3227
638
2450
2275
4376
2333
1358
3272
3605
1748
946
641
2893
612
3880
2856
2351
870
3052
438
1452
1713
1373
2743
1618
990
2317
2211
471
1850
744
2755
3574
3923
3330
2058
3427
285
1906
960
749
1602
3502
2430
1915
3261
3365
2528
997
834
1295
322
3259
4483
1223
995
2261
3169
305
4052
1979
3444
1576
632
2163
3209
1742
1707
3142
689
1065
474
1162
3760
3988
1794
4009
2429
4488
2810
3074
399
1185
3033
3706
606
1169
3310
3837
1196
2180
2547
2403
4483
3118
387
3645
3139
3291
2069
872
3166
670
1523
531
2860
1300
2689
2867
3454
1862
501
805
927
3627
1213
3117
2696
3597
4430
1976
2416
2777
482
1399
2403
259
2846
1168
640
477
1621
2955
1088
2784
2497
2262
211
2780
3317
1796
1311
1711
1034
1645
3307
3101
946
2977
1704
1874
2999
1371
2469
1198
487
2537
455
1546
2240
2664
2795
1131
1211
2642
2717
3166
790
1732
216
2825
149
1181
1677
224
3627
1150
3359
850
2245
2662
696
1362
1416
1390
3231
3214
1320
1594
1238
2647
539
1532
2921
2379
3624
426
1193
2962
3715
2660
1732
1714
1117
1815
2021
2279
490
388
3052
3308
1764
879
3154
894
2057
2645
3466
1818
1743
2081
1390
729
2867
2343
4478
3119
1289
2090
3452
3575
2134
1541
556
1547
4249
1990
2493
2417
1456
2895
4096
381
1403
2018
3289
3879
1801
1702
1272
196
1045
660
1834
3340
2903
1544
961
1768
2796
2644
2868
1862
591
1595
1816
1420
649
3092
3531
814
3074
2060
2704
2928
2297
811
1742
1488
1006
3432
2004
326
3550
1961
1496
2902
982
1212
578
1651
1373
2678
3059
2045
3146
1510
455
3109
1660
1992
3663
1464
1717
3518
1807
2710
1903
489
4342
1291
2963
1584
1612
3090
2938
2222
708
629
1586
999
1469
776
2791
645
2219
449
2809
2158
3776
861
1691
1619
2676
1482
954
3772
138
1337
624
4244
3397
2701
835
2846
446
1306
1998
1325
1013
1424
4210
1133
648
54
1970
1205
2093
462
72
3174
2778
4147
4661
1646
2620
2165
694
2748
392
547
4099
1077
1851
1387
2823
1172
2711
4212
1959
720
108
702
2592
1952
403
1456
348
1374
2855
76
4527
1947
940
2329
3514
2111
1000
3179
2459
1601
2066
1522
3152
780
287
816
195
1798
1259
3363
46
1367
1093
3416
2588
1767
2744
124
1310
3585
2613
1224
607
1377
2014
58
411
3171
582
2834
3279
2142
2228
2178
1394
1192
694
3736
861
1835
144
3334
2862
1906
2584
1443
1381
3809
2688
1327
2221
1627
1980
4228
582
1065
2711
2319
1008
1415
1293
154
1526
2412
1123
4387
2616
1634
1456
376
2737
1690
3166
4087
3370
2893
1473
2558
1892
1219
1058
138
1696
1533
3112
999
285
1623
1242
1958
4583
2952
2914
1227
147
2040
1623
3194
134
1292
2185
2439
1316
1062
1610
1744
2754
2437
1640
2893
1807
392
1962
1559
1460
1696
93
884
827
1353
3251
3743
2883
1370
2245
3082
1173
2703
1659
4646
1792
2030
266
2043
446
1869
229
2633
2958
1500
2608
92
1523
1516
1358
2533
2026
1651
896
671
2594
1593
2054
4016
1933
111
662
2954
2699
278
1500
3278
2716
1466
1310
3096
1102
2247
2214
590
1544
2660
1145
106
1354
4804
2095
3354
2238
2098
1730
2630
2747
3326
1773
628
1495
4299
2060
1477
2000
1228
1884
2880
1988
3476
1863
1798
1816
825
1924
1706
1284
654
1059
3277
2163
1586
1829
1857
1799
633
3368
1232
1822
4190
1799
1609
1123
3637
3369
1314
1173
1788
1810
1159
1219
863
186
528
474
2498
3558
1073
1400
880
581
1364
1877
3918
1527
1255
1241
2108
1795
1278
1457
2553
1449
3162
878
2653
1164
2971
3625
2062
1055
1661
1659
1353
1198
164
2354
1409
1135
738
3729
2947
750
1347
1787
3383
1928
949
189
1925
1813
1145
986
491
1099
53
1277
2048
739
3355
2108
1348
3203
481
1858
4027
1575
1384
550
1232
1753
2986
1803
622
4500
3823
1931
1574
1679
1326
2853
1025
838
928
2295
3942
658
1597
1830
1028
2915
3056
1464
1365
1865
1322
1226
141
1310
2359
4738
1511
222
2281
2932
1780
2954
1321
2415
1488
219
1034
1378
2121
2557
1060
1843
3609
1842
3578
2862
1400
1225
3855
576
1193
296
1439
1826
988
1724
729
2233
4462
1638
1988
970
3388
1757
762
2139
2991
100
1740
1499
1743
808
1441
347
259
2291
1341
1019
1855
685
4180
3629
2581
291
2579
1781
1086
2647
1346
1736
1538
1065
2751
1562
3494
754
908
1744
2119
4032
1810
481
957
2059
153
571
1213
1438
2542
1428
1748
2955
2625
1339
1506
850
3653
2065
4482
1066
2008
781
702
1891
1240
538
637
1645
1428
1561
2054
354
1902
968
1306
639
1694
1292
776
1301
269
590
1639
161
607
2834
1824
1316
2387
4211
919
3758
1349
1399
790
2396
1281
3246
106
1683
1867
2143
4792
1206
1359
3895
658
4545
3305
1304
1988
1549
838
728
1070
2391
1291
986
2436
599
1432
4822
3738
687
2774
2764
1502
1523
2628
1531
1907
1122
1984
1819
502
2596
1781
984
1196
761
3597
816
3490
1757
2186
247
1672
802
3842
2677
1885
2343
1307
4096
4582
2695
1109
1037
2634
1571
725
418
908
1598
565
609
1827
1549
1205
2906
1779
1765
1532
1017
2668
4466
815
2245
1357
170
911
2057
1356
170
608
923
4365
1602
1796
2017
868
2584
3927
3307
1979
1977
1659
510
2055
1912
4263
1841
2022
522
1715
726
1271
2226
1552
2923
142
4317
2136
1939
1545
2665
1688
523
3435
4267
2392
815
2331
3192
1823
2689
2466
750
1380
125
1569
951
2063
3196
598
2341
903
2740
1626
1512
4264
600
2417
2029
476
92
1250
2326
1978
1417
3229
2348
973
2842
1454
4444
2646
1040
2142
839
595
2534
2479
625
2996
1202
3462
565
1978
2941
1820
1816
2497
2335
725
462
4785
2357
1670
1513
3673
2069
868
2712
224
3100
2237
2340
1989
4510
1205
3429
2174
4057
2044
697
1397
1945
2363
1852
1283
3113
262
1571
3502
3740
1068
1849
1950
611
1992
1828
1403
3164
2841
3691
651
4127
1178
1943
1062
2578
2113
2092
1660
2307
683
637
2297
1842
3121
2717
443
4592
537
881
3219
754
2397
769
1946
818
350
1352
2199
2383
692
1674
3383
2188
4254
2030
1665
3334
1878
2048
1981
1644
380
3581
1899
234
1722
4198
525
2068
4148
756
1808
1222
248
2930
738
881
1973
1084
3867
3846
491
1545
2153
1892
1385
4328
1778
269
884
1074
2195
3758
635
2836
1327
2345
1537
3508
1705
666
127
2265
3874
2739
2137
1000
3185
2268
1278
1082
124
291
1359
1737
988
2553
1712
4126
4713
2051
1351
3158
2321
3175
762
808
2589
1192
1726
2855
286
1465
2138
1258
1198
4469
773
1765
2339
2524
4874
1153
1084
551
4688
3311
724
2327
3374
3157
1578
1787
826
2231
5
1606
1205
530
420
1135
3857
2282
248
1649
4038
1230
4242
2584
527
2062
539
1496
4707
3543
157
2375
926
3918
2216
1861
2395
4379
2747
1085
2044
2894
3986
1419
416
4198
4443
1739
1704
3433
2381
2320
538
1688
1181
3160
869
3033
820
1009
4920
2465
2140
3149
1813
340
1049
2039
703
2952
3185
4301
4431
3130
1602
838
985
2443
2580
1952
409
2986
1729
527
4015
2820
4398
304
2214
1753
1303
3653
1910
1387
1431
252
553
1898
736
60
2687
3570
849
2158
2754
1438
1482
124
2753
1732
3231
1881
2643
2549
151
1709
4314
712
2029
436
4405
1823
2666
1011
3591
1113
397
4476
1809
1834
1606
258
587
3631
2765
2476
201
435
375
3157
702
1414
2450
2292
244
1181
2919
613
2693
222
2781
4718
3027
2352
784
4596
1680
1656
3702
3161
1804
1715
444
3796
1602
4042
663
3282
274
2483
454
571
3459
2273
2049
957
2205
1897
524
4190
436
794
4541
953
186
3632
3595
2290
950
377
3725
2770
775
2256
3511
2545
717
4865
4307
1990
257
2884
4516
4347
4889
644
3125
3324
1416
3165
3170
1253
683
4858
2894
1281
2043
675
1095
2880
3774
4264
436
1475
3336
3010
2112
3631
793
1888
4370
363
3379
4600
561
3723
2796
1790
455
2100
1720
1011
1137
2710
691
4045
1878
2270
2819
1639
3161
534
630
2572
1637
712
4498
1322
433
2241
2255
602
2211
4331
1617
2967
759
3672
4922
1228
4857
819
1560
4225
4614
508
4006
2291
2936
802
4837
4655
1499
2393
947
1029
3561
2127
242
1491
1275
3326
3618
4924
4073
3563
4303
3443
2212
3440
1594
3700
725
395
3353
1345
740
4823
552
3217
1101
4609
688
3459
3475
4050
4151
1073
415
1967
3858
1099
1055
4552
3631
2623
4228
4300
663
4163
3324
4005
1795
4048
975
947
809
3673
950
575
3659
1679
199
4557
4492
3984
3262
1693
