
	Distribution Summary

Distribution:	Beta         
Expression:	2 + 3.01e+03 * BETA(1.13, 2.28)
Square Error:	0.002152

Chi Square Test
  Number of intervals	= 37
  Degrees of freedom 	= 34
  Test Statistic     	= 207
  Corresponding p-value	< 0.005

Kolmogorov-Smirnov Test
  Test Statistic	= 0.0544
  Corresponding p-value	< 0.01

	Data Summary

Number of Data Points	= 2530
Min Data Value       	= 2
Max Data Value       	= 3.01e+03
Sample Mean          	= 997
Sample Std Dev       	= 642

	Histogram Summary

Histogram Range    	= 2 to 3.01e+03
Number of Intervals	= 40


==================================================================
Int.   No. of               Probability           Cumulative      
No.    Data Pts.   x        Density               Distribution    
------------------------------------------------------------------
                            Data   Function       Data   Function   
   0   149       77.2     0.0589     0.0367     0.0589     0.0367
   1   110       152.     0.0435     0.0423      0.102     0.0790
   2    75       228.     0.0296     0.0438      0.132      0.123
   3    65       303.     0.0257     0.0442      0.158      0.167
   4    86       378.     0.0340     0.0441      0.192      0.211
   5    98       453.     0.0387     0.0437      0.230      0.255
   6    97       528.     0.0383     0.0430      0.269      0.298
   7    97       604.     0.0383     0.0422      0.307      0.340
   8   102       679.     0.0403     0.0412      0.347      0.381
   9   108       754.     0.0427     0.0401      0.390      0.421
  10   117       829.     0.0462     0.0389      0.436      0.460
  11   112       904.     0.0443     0.0377      0.481      0.498
  12   112       980.     0.0443     0.0364      0.525      0.534
  13   102   1.05e+03     0.0403     0.0351      0.565      0.569
  14    98   1.13e+03     0.0387     0.0337      0.604      0.603
  15   113   1.21e+03     0.0447     0.0323      0.649      0.635
  16    92   1.28e+03     0.0364     0.0309      0.685      0.666
  17    71   1.36e+03     0.0281     0.0294      0.713      0.696
  18    70   1.43e+03     0.0277     0.0280      0.741      0.724
  19    79   1.51e+03     0.0312     0.0265      0.772      0.750
  20    75   1.58e+03     0.0296     0.0250      0.802      0.775
  21    91   1.66e+03     0.0360     0.0235      0.838      0.799
  22    83   1.73e+03     0.0328     0.0221      0.870      0.821
  23    60   1.81e+03     0.0237     0.0206      0.894      0.841
  24    51   1.88e+03     0.0202     0.0191      0.914      0.861
  25    33   1.96e+03     0.0130     0.0176      0.927      0.878
  26    34   2.03e+03     0.0134     0.0162      0.941      0.894
  27    23   2.11e+03    0.00909     0.0147      0.950      0.909
  28    17   2.18e+03    0.00672     0.0133      0.957      0.922
  29    18   2.26e+03    0.00711     0.0119      0.964      0.934
  30    17   2.33e+03    0.00672     0.0105      0.970      0.945
  31    10   2.41e+03    0.00395    0.00915      0.974      0.954
  32     9   2.48e+03    0.00356    0.00783      0.978      0.962
  33     6   2.56e+03    0.00237    0.00655      0.980      0.968
  34    11   2.63e+03    0.00435    0.00531      0.985      0.974
  35     7   2.71e+03    0.00277    0.00412      0.987      0.978
  36     7   2.78e+03    0.00277    0.00300      0.990      0.981
  37    11   2.86e+03    0.00435    0.00196      0.994      0.983
  38     6   2.93e+03    0.00237    0.00103      0.997      0.984
  39     8   3.01e+03    0.00316   0.000267       1.00      0.984


=================================================================


Data File: C:\Users\calvin\Desktop\my working directory\third-semester-1400\simulation language\hw3_99207521\TEU_Feeder.txt


Function       Sq Error
-----------------------
Beta           0.00215
Triangular     0.00266
Normal         0.00336
Gamma          0.005
Weibull        0.00539
Erlang         0.00555
Exponential    0.00666
Uniform        0.0109
Lognormal      0.0111
