1861
2071
291
696
805
735
1669
1449
1268
754
1487
1044
953
1242
652
1590
665
323
1424
1032
212
674
999
1189
1144
478
356
1033
774
1726
752
824
585
361
1122
1541
700
1875
306
1580
635
1604
1360
705
1472
833
1219
1371
740
421
1424
737
1368
2302
1154
919
1251
1243
2088
589
1626
1217
473
1429
614
1590
2971
373
640
318
1432
2371
793
1430
840
1603
190
549
232
469
1578
995
634
797
705
482
1717
1820
567
1760
942
397
412
1996
839
921
246
1653
747
320
1743
413
1623
1072
777
745
182
1397
409
1111
1459
1067
1872
518
1951
686
846
956
335
1702
939
1232
2594
634
1532
691
1593
2163
762
402
983
656
1707
213
1803
203
636
713
1182
1912
2226
706
498
2260
1134
1073
1572
454
842
238
407
1373
962
1366
633
210
334
872
243
189
1482
433
2253
1238
150
658
937
420
1370
1836
661
427
340
92
198
1273
708
1820
217
376
566
1458
2100
2027
708
613
815
485
1114
1683
393
875
122
1628
1305
843
898
509
899
1338
864
665
802
2225
478
388
1626
1573
932
1301
346
743
830
314
1834
1518
632
691
152
194
1651
1066
503
496
564
2003
1300
1167
406
522
689
546
801
543
302
736
741
707
1067
1390
1730
651
31
679
725
1126
413
1704
829
2044
1237
532
1956
755
452
1340
1055
578
478
1451
480
579
82
578
542
984
523
830
633
289
1340
260
1187
56
308
391
523
1250
301
228
1887
434
461
759
617
1418
1082
475
835
1427
404
53
343
482
1037
762
581
157
576
1200
359
320
667
816
384
153
1218
209
450
994
826
2616
419
567
470
126
81
315
479
446
327
219
2318
220
583
50
333
1018
190
325
63
275
476
1510
1521
964
726
362
823
1240
704
1157
478
149
100
356
957
471
111
875
943
83
766
818
158
549
842
232
1450
1523
1244
124
937
913
445
989
1869
1461
243
493
635
550
1172
399
192
1661
1869
341
1380
1303
672
698
1706
315
650
591
381
1100
661
441
1906
2009
1563
1566
574
1410
730
510
1052
237
1110
1764
962
407
2037
1132
1029
964
1205
883
1687
724
846
713
471
382
993
218
1126
2361
1391
1758
1670
548
709
595
331
808
1955
591
838
968
197
942
789
716
690
2679
597
791
1127
958
1165
2166
709
567
996
1053
583
2067
595
973
477
1323
686
1665
349
846
1616
785
735
448
1390
965
661
499
2001
108
379
608
945
766
1780
764
821
383
805
102
843
592
464
1733
620
1652
1286
1182
1215
1757
1439
1571
1212
2048
677
811
1102
706
94
800
755
1194
1444
1028
731
52
1162
1254
873
119
1183
222
1087
1616
823
1022
1090
1419
761
1079
773
1049
916
917
830
1046
2449
1290
565
2535
716
1136
860
98
672
2252
621
981
1905
1188
1180
934
984
813
872
1269
1400
1129
1461
1397
819
1278
1842
928
898
860
997
2228
886
1711
1085
1666
792
1551
1455
966
761
1679
441
902
1548
821
1349
1438
1756
1508
829
593
140
1013
1215
1132
1271
1219
1284
588
746
1418
1445
929
708
1031
536
1640
820
428
1483
823
482
2012
1245
388
862
131
476
1391
690
1914
1148
1453
1799
1983
881
234
19
1109
938
803
2084
1407
882
1019
1629
1125
1397
1325
1387
1166
2094
1131
1225
727
902
1756
925
929
1172
1865
2092
1484
1096
1650
943
1762
1166
1049
1668
2011
1121
1515
1860
880
1455
1089
923
1218
1175
1521
950
1796
616
1260
1787
1035
1079
1933
941
646
878
639
1848
1014
603
904
1714
1336
745
572
1633
284
981
974
611
509
1874
135
797
133
615
1124
1789
632
1562
1177
537
1099
523
905
1600
124
942
956
1011
66
826
1893
1731
147
813
1142
640
129
1743
987
1505
806
1094
1149
1910
1733
1096
1225
1817
1135
1937
1223
863
921
1072
877
1017
1479
139
175
318
798
1000
1773
2119
1738
986
1871
1151
1194
1880
784
1848
174
1820
275
56
1775
1128
658
942
31
778
166
1878
1310
1772
414
1812
556
1154
1846
767
1065
164
82
2112
172
814
400
1107
1181
1893
1070
854
858
85
1187
664
172
1049
1779
147
2023
310
2709
163
1040
992
1753
274
985
1377
2109
256
2550
1196
1756
306
1486
1526
1644
252
1877
142
1751
1219
1177
96
1257
164
951
1847
177
1248
120
1828
1023
1244
79
1798
433
1168
1603
298
1351
695
771
140
1089
1706
302
747
1608
1146
1991
1058
1151
1320
154
1321
1748
1220
2130
1179
1851
855
1239
762
689
307
1957
1655
895
1185
1783
153
490
2040
1101
773
1408
661
1655
1740
686
1100
1450
1460
878
1042
673
1930
1685
774
439
1257
208
915
556
1094
540
652
601
236
1704
545
796
129
900
235
710
549
1101
1339
953
1756
141
834
258
701
1024
792
1707
305
669
766
1493
431
1061
80
1886
429
1236
1236
102
448
983
728
1511
1022
1810
2684
63
709
96
1162
1029
308
66
894
848
1185
974
770
834
78
869
2233
2239
1170
605
1053
2000
1683
1063
2070
112
836
1073
216
634
876
1901
1025
1981
851
1021
1009
290
164
930
814
1083
90
965
390
260
108
440
1908
1591
1076
106
792
150
603
880
1070
96
1620
66
670
38
1604
1069
787
486
899
1981
1166
72
644
679
1100
893
107
1676
607
1211
860
1137
1117
156
681
642
789
711
998
864
2019
56
66
622
1052
613
1103
74
511
818
278
1011
424
1722
911
1008
66
202
348
368
657
1095
1288
316
488
939
614
160
463
64
1187
2533
240
66
933
1241
922
342
518
529
2610
48
729
1183
965
664
1865
537
72
1795
635
539
144
572
491
638
403
2393
83
1933
1190
90
469
630
1250
671
1811
88
1061
967
96
180
835
775
301
593
1101
1579
346
92
951
711
797
861
74
280
707
587
554
670
991
345
603
495
76
1691
1280
1862
90
486
461
76
1249
319
442
1430
274
189
1822
58
1518
90
1494
335
1294
1141
653
822
1769
839
390
2297
472
64
1792
1307
1178
1293
325
863
683
56
2078
843
406
159
836
2571
1767
1617
100
100
658
174
1113
1941
1303
2379
422
419
2292
795
1518
1131
901
797
797
2436
1165
1060
206
362
569
895
954
375
969
1320
811
429
937
715
1376
741
246
1402
184
1474
1489
587
699
895
250
749
1598
169
1719
44
1399
753
227
1593
677
772
1210
965
25
722
627
568
453
635
1609
835
291
660
278
1347
810
1459
1289
245
798
1311
261
440
44
889
1436
418
873
1035
1056
803
676
938
783
690
1165
2220
201
645
713
309
805
586
1051
1227
174
1019
860
486
457
802
591
430
168
934
385
1170
613
557
373
939
174
1236
163
677
771
579
914
655
87
671
928
1368
1244
974
936
944
104
578
408
404
60
1099
355
733
593
658
932
896
467
1502
1164
1224
245
657
627
523
698
1284
1158
774
1368
1663
535
306
494
762
2616
984
446
485
2816
1649
346
511
1986
1196
1349
364
1132
1253
2792
369
1570
328
416
794
698
1670
1137
682
1650
1597
1719
1203
458
1397
704
836
748
1876
262
1156
1258
3010
501
418
1478
478
954
1253
127
1684
870
2320
100
738
256
1278
294
2058
34
198
103
1063
151
2232
1299
1330
1061
2159
1172
1621
1169
1173
399
2670
742
574
1915
10
389
885
964
1979
787
1886
1726
1616
205
322
1350
10
337
1373
330
1567
1820
607
1419
2209
1038
1638
427
1037
1216
1006
1134
404
2276
1507
430
416
750
626
1403
567
2232
663
1050
1495
378
320
2128
1061
1652
742
1122
448
867
976
1557
1412
762
2091
588
226
1485
1159
2082
33
1259
701
1507
230
1039
2208
1666
1028
1056
1084
34
1612
1634
1614
476
976
8
2261
1727
1445
964
850
1225
1343
2026
1090
1632
1530
1106
1277
2043
229
1539
1572
1564
1441
1979
1050
1755
22
1748
1207
778
1013
769
1615
785
945
1299
598
592
2794
1374
1712
1293
1761
963
697
1999
2775
1547
776
545
426
5
994
1189
1828
44
2792
29
1237
896
1294
1518
616
1691
1418
2893
1297
1241
859
1612
2745
292
1340
935
1875
1447
709
643
2231
287
1198
1417
1180
1225
715
360
1414
2699
1765
566
1100
32
28
1268
1838
560
2091
1624
1391
28
1318
165
849
1034
933
420
469
909
678
35
2832
853
260
639
1165
1948
601
328
54
480
588
1601
1645
1018
197
255
845
374
941
310
1193
507
1059
248
874
1045
211
498
27
569
941
1505
724
2374
271
1172
53
543
444
54
685
1960
1015
912
1278
38
615
1173
654
20
635
1132
225
1795
1223
80
1831
979
360
422
879
369
2369
2108
848
1054
656
573
1211
460
860
39
1511
68
1435
96
1227
370
575
923
1090
1205
85
472
791
812
1678
106
2165
170
683
40
569
1012
24
709
456
280
938
985
1034
226
33
1207
825
1601
165
103
64
96
39
643
1216
981
445
1210
1414
37
566
104
72
2117
72
759
981
977
1106
715
805
1045
1153
1806
653
74
1675
1106
506
460
330
463
33
1046
2143
51
74
1629
183
895
995
1479
56
369
729
810
315
1816
1856
375
1023
48
927
1726
40
1272
469
1395
2142
2559
86
55
465
731
1541
1252
1097
489
1978
612
74
1130
48
1497
375
1194
399
1625
424
48
743
2283
2183
116
1455
1026
329
1462
50
1654
986
1627
48
26
2880
777
228
1371
90
1548
455
1340
1233
1919
721
53
1658
52
34
1561
618
1894
1537
413
34
467
1478
2615
1028
2613
331
1369
797
1469
90
468
688
1564
62
693
1467
1488
15
610
25
809
1967
1935
1258
330
1408
2355
841
1539
1340
48
857
1235
1457
48
62
1153
1061
1572
571
1373
617
44
1429
1162
1332
2972
1306
199
591
78
1340
1767
1295
1101
1355
1504
261
1216
1210
1739
766
708
2025
1136
1203
73
167
1161
73
1291
267
2535
506
1040
1834
400
1132
1602
2763
879
317
44
1034
1500
580
2319
713
1348
269
2060
865
1528
47
2420
56
1114
1222
1159
385
1886
595
1483
2271
543
2099
302
1247
899
926
36
1362
38
1668
349
1309
784
2021
812
972
70
2134
1070
45
1327
1209
340
1370
655
880
167
1134
1562
1437
2883
746
108
1437
1188
790
2292
1363
544
356
693
1075
1185
1496
863
714
1452
52
586
58
868
835
600
791
1416
576
1986
498
674
701
1555
40
92
1255
216
940
1327
1666
84
2700
43
1061
970
1757
1697
979
158
1554
68
2089
2415
897
1684
69
1068
834
264
2825
1661
949
647
1279
2283
1478
1416
2295
1013
2014
2462
1387
1182
635
1311
62
445
835
1666
920
1011
1824
2631
69
1403
937
1614
1270
2327
664
565
679
962
976
660
1338
2688
2735
1440
1002
1649
45
45
1737
74
1519
2357
2803
1165
1264
124
1224
1436
72
963
1586
1449
108
1207
2991
1455
67
883
1584
96
40
1700
866
2967
1568
27
1723
1993
2252
607
1666
64
48
1941
1500
694
1563
2511
1458
616
1649
1838
1670
2738
65
169
1677
3000
1184
20
386
716
1200
2805
1303
1686
1724
1157
1469
1887
1581
1974
197
471
1624
1346
1079
78
995
1681
2727
135
424
930
1174
889
1230
26
1296
1331
57
1334
1937
1195
1592
1082
538
78
1104
915
1358
353
1880
1553
63
981
914
2792
488
1149
1790
1614
1208
310
1737
477
373
202
943
2182
2223
79
874
804
1642
1479
1349
856
2984
300
1660
76
1438
554
1510
825
1198
1709
2029
504
1598
254
76
1152
1012
1557
369
84
738
1167
1611
73
964
2318
426
2023
1087
1698
76
197
1022
1611
1376
477
1359
732
1567
309
1793
1693
1722
82
1222
842
1687
1666
2109
1825
249
1670
345
1062
1443
650
1563
1306
79
1564
1975
1498
2119
846
474
1928
1727
1676
1480
532
979
1586
1173
86
1546
1518
1621
1114
79
1335
1537
1813
1016
84
917
1857
1690
190
1333
1109
1513
1126
49
1286
439
981
1322
1993
1447
1603
824
1284
1724
999
78
905
281
937
1560
1562
908
2756
1207
1547
1270
1636
800
1485
39
457
464
56
1531
1607
113
435
57
82
1023
1754
1605
1087
432
2274
63
1339
1640
56
1289
1495
775
80
1721
473
1522
2838
88
1735
1472
166
120
1501
69
532
1530
1761
259
2862
1179
2189
1201
1652
84
1727
438
1016
1629
1114
96
2502
499
1801
1100
1731
89
60
885
1369
1031
833
122
1599
336
88
498
1535
801
937
1557
57
1732
2459
1758
875
1598
898
60
116
370
1560
1717
931
1746
86
1676
76
55
597
865
449
1652
478
1720
1656
1857
75
401
1836
1679
1860
1671
1188
366
991
78
1749
2924
1445
55
1684
400
1561
2626
1630
1648
1151
646
283
68
114
1678
1519
2390
47
1644
776
402
580
1480
294
1190
1648
1738
404
1173
1324
997
2469
460
770
75
1557
795
972
939
1487
407
158
686
1128
371
1153
1903
213
1798
1961
88
540
1109
555
830
378
1584
2828
1378
867
703
526
84
718
1544
741
1086
1084
357
1372
1379
1711
66
1997
756
2438
457
1256
9
804
2
1625
1207
1688
1124
1594
1464
468
801
1645
1405
620
1446
1239
152
501
525
1129
1169
1585
1511
588
2437
1736
755
35
499
1627
1249
42
1181
539
1805
1918
2348
1335
2569
469
1667
1395
948
1205
1822
1678
823
2901
31
451
1608
283
89
1752
2045
2999
2090
1589
1338
63
1036
429
696
1669
1376
1364
1362
51
53
1706
2193
380
911
456
1101
404
1825
86
1634
